([[72, 43], [332, 43], [332, 91], [72, 91]], tan woon yann)
([[108, 164], [208, 164], [208, 188], [108, 188]], INdAh GIFt)
([[212, 164], [320, 164], [320, 188], [212, 188]], & HOME  DECO)
([[126, 188], [300, 188], [300, 214], [126, 214]], 27,JALAN DEDAP 13,)
([[126, 212], [292, 212], [292, 240], [126, 240]], TaMAN JOHOR JAYA;)
([[97, 236], [328, 236], [328, 264], [97, 264]], 81100 JOHOR BAHRU, JOHOR.)
([[68, 264], [208, 264], [208, 288], [68, 288]], Tel:07-3507405)
([[218, 262], [358, 262], [358, 288], [218, 288]], Fax;07-3558160)
([[172, 314], [246, 314], [246, 338], [172, 338]], RECEIPT)
([[22, 365], [123, 365], [123, 389], [22, 389]], 19/10/2018)
([[135, 362], [254, 362], [254, 390], [135, 390]], 20,49,59   4O1)
([[22, 390], [134, 390], [134, 416], [22, 416]], Cashier: CN)
([[180, 390], [330, 390], [330, 414], [180, 414]], Location/SP: 05)
([[342, 390], [394, 390], [394, 414], [342, 414]], /0531)
([[22, 440], [134, 440], [134, 466], [22, 466]], MB; 0026588)
([[22, 466], [132, 466], [132, 490], [22, 490]], Ropm No; 01)
([[284, 464], [404, 464], [404, 490], [284, 490]], 050100035279)
([[24, 516], [116, 516], [116, 542], [24, 542]], Desc /Item)
([[185, 517], [217, 517], [217, 537], [185, 537]], Qty)
([[238, 514], [292, 514], [292, 540], [238, 540]], Frice)
([[304, 514], [376, 514], [376, 540], [304, 540]], Ant(RH))
([[23, 538], [276, 538], [276, 567], [23, 567]], ST-PRIVILEGE CARD/OD INDAH)
([[24, 566], [78, 566], [78, 590], [24, 590]], 88888)
([[240, 564], [294, 564], [294, 588], [240, 588]], 10.00)
([[324, 564], [378, 564], [378, 588], [324, 588]], 10,00)
([[24, 587], [256, 587], [256, 615], [24, 615]], GF-TABLE LAMP/STITCH <i>)
([[24, 616], [78, 616], [78, 640], [24, 640]], 62483)
([[238, 614], [294, 614], [294, 638], [238, 638]], 55.%0)
([[322, 614], [378, 614], [378, 638], [322, 638]], 55,90)
([[145, 636], [200, 636], [200, 664], [145, 664]], @DISC)
([[210, 638], [274, 638], [274, 662], [210, 662]], 10.00%)
([[322, 638], [378, 638], [378, 662], [322, 662]], -5,59)
([[22, 666], [126, 666], [126, 690], [22, 690]], #Total Qty)
([[24, 690], [116, 690], [116, 714], [24, 714]], TOTAL AkT:)
([[257, 691], [283, 691], [283, 711], [257, 711]], RH)
([[324, 690], [378, 690], [378, 714], [324, 714]], 60,31)
([[24, 716], [142, 716], [142, 740], [24, 740]], RQUNDING  AdJ)
([[324, 714], [376, 714], [376, 738], [324, 738]], ~0,04)
([[258, 764], [284, 764], [284, 788], [258, 788]], RH)
([[324, 764], [378, 764], [378, 788], [324, 788]], 60,30)
([[24, 790], [76, 790], [76, 814], [24, 814]], Cash.)
([[259, 791], [283, 791], [283, 811], [259, 811]], RH)
([[324, 788], [378, 788], [378, 812], [324, 812]], 70.30)
([[24, 814], [88, 814], [88, 838], [24, 838]], CHANGE_)
([[259, 815], [283, 815], [283, 835], [259, 835]], RH)
([[324, 812], [378, 812], [378, 836], [324, 836]], 10.0D)
([[59, 887], [154, 887], [154, 915], [59, 915]], Thank You)
([[172, 888], [340, 888], [340, 914], [172, 914]], Please Come Again)
([[70, 912], [350, 912], [350, 938], [70, 938]], Goods Sold Are Not Returnable)
([[58, 934], [362, 934], [362, 966], [58, 966]], Dealing In Wholesale And Retail)