([[116, 41], [376, 41], [376, 89], [116, 89]], tan woon yann)
([[90, 160], [118, 160], [118, 184], [90, 184]], MR)
([[124, 160], [182, 160], [182, 184], [124, 184]], 0.I.Y)
([[204, 160], [356, 160], [356, 186], [204, 186]], JohuR) SDN BHD)
([[132, 180], [210, 180], [210, 206], [132, 206]], (CO,REC)
([[224, 182], [322, 182], [322, 206], [224, 206]], 933109-X ))
([[50, 202], [86, 202], [86, 226], [50, 226]], LoT)
([[92, 202], [160, 202], [160, 226], [92, 226]], 185/-4)
([[166, 202], [254, 202], [254, 226], [166, 226]], & 185 i-B_)
([[266, 204], [366, 204], [366, 228], [266, 228]], JALAN KPB)
([[60, 222], [375, 222], [375, 248], [60, 248]], Kamasan PERINDUSTRIAN BALAKONG)
([[70, 244], [385, 244], [385, 270], [70, 270]], 43300 SERI KEMBANGAN, SELANGOR)
([[122, 266], [252, 266], [252, 290], [122, 290]], MR dIY TESCO)
([[260, 266], [332, 266], [332, 290], [260, 290]], TERBAU ))
([[182, 286], [270, 286], [270, 312], [182, 312]], InVOICE -)
([[18, 327], [354, 327], [354, 354], [18, 354]], ChoppinG BoARO 35.5x25,5CM 803m#)
([[20, 349], [105, 349], [105, 373], [20, 373]], Ez1OHdO5)
([[132, 350], [158, 350], [158, 374], [132, 374]], 24)
([[18, 370], [96, 370], [96, 396], [18, 396]], 8970669)
([[268, 372], [344, 372], [344, 398], [268, 398]], X 19.00)
([[360, 372], [416, 372], [416, 398], [360, 398]], 19.00)
([[18, 392], [324, 392], [324, 418], [18, 418]], AIR PRESSUPE SPRAYER SX-575-1)
([[330, 394], [374, 394], [374, 418], [330, 418]], 1.5L)
([[18, 414], [86, 414], [86, 438], [18, 438]], HC03-7)
([[113, 417], [137, 417], [137, 437], [113, 437]], 15)
([[18, 434], [96, 434], [96, 458], [18, 458]], 9066468)
([[296, 436], [344, 436], [344, 460], [296, 460]], 8 .02)
([[371, 439], [415, 439], [415, 459], [371, 459]], 8. 02)
([[18, 456], [334, 456], [334, 482], [18, 482]], WAXCO WINDSHILED CLEANER  120m1)
([[19, 479], [95, 479], [95, 499], [19, 499]], Wa14-3A)
([[123, 479], [147, 479], [147, 499], [123, 499]], 48)
([[18, 498], [158, 498], [158, 522], [18, 522]], 9557031100236)
([[298, 500], [344, 500], [344, 524], [298, 524]], 3 . 02)
([[368, 500], [416, 500], [416, 524], [368, 524]], 3 ,02)
([[18, 518], [116, 518], [116, 542], [18, 542]], BOPP  TAPE)
([[122, 517], [282, 517], [282, 545], [122, 545]], 48MM+1OoM CLEAR)
([[18, 540], [74, 540], [74, 564], [18, 564]], FZ-04)
([[100, 540], [126, 540], [126, 564], [100, 564]], 36)
([[18, 560], [158, 560], [158, 584], [18, 584]], 6935818350846)
([[247, 565], [281, 565], [281, 585], [247, 585]], 1 X)
([[296, 562], [344, 562], [344, 586], [296, 586]], 3 , 48)
([[368, 562], [416, 562], [416, 586], [368, 586]], 3,88)
([[18, 602], [86, 602], [86, 628], [18, 628]], Item(s)
([[326, 604], [394, 604], [394, 630], [326, 630]], Oty(s))
([[18, 644], [74, 644], [74, 668], [18, 668]], TotAL)
([[348, 646], [436, 646], [436, 670], [348, 670]], RM 33,92)
([[18, 665], [212, 665], [212, 690], [18, 690]], ROUNDiNG  ADJUSTMEM)
([[348, 668], [436, 668], [436, 692], [348, 692]], -RM 0.02)
([[18, 686], [158, 686], [158, 710], [18, 710]], ToTaL ROUNDED)
([[212, 680], [308, 680], [308, 728], [212, 728]], 33.f0)
([[348, 688], [436, 688], [436, 712], [348, 712]], RM 33.90)
([[16, 708], [66, 708], [66, 732], [16, 732]], Cash)
([[348, 710], [436, 710], [436, 734], [348, 734]], RM 50.0u)
([[16, 728], [84, 728], [84, 752], [16, 752]], CHANGE)
([[348, 730], [374, 730], [374, 754], [348, 754]], RM)
([[380, 730], [436, 730], [436, 754], [380, 754]], 16 . 10)
([[18, 770], [270, 770], [270, 794], [18, 794]], 12-01-19 21:13 ShOi Zk0g)
([[294, 772], [436, 772], [436, 796], [294, 796]], T4 Ro00o27830)
([[16, 790], [270, 790], [270, 816], [16, 816]], OPERATOR  TRAINEE CASHIER)
([[78, 832], [166, 832], [166, 858], [78, 858]], EXCHANGE)
([[172, 834], [362, 834], [362, 858], [172, 858]], ARE  ALLOWED Within)
([[140, 854], [322, 854], [322, 880], [140, 880]], DAYS WITH RECEIPT)
([[99, 877], [185, 877], [185, 897], [99, 897]], STRICTLY)
([[192, 874], [344, 874], [344, 900], [192, 900]], NO Cash REFUND .)