([[98, 44], [262, 44], [262, 76], [98, 76]], tan woon)
([[259, 38], [355, 38], [355, 87], [259, 87]], yann)
([[85, 106], [368, 106], [368, 134], [85, 134]], YONGFATT ENTERPRISE)
([[182, 134], [282, 134], [282, 158], [182, 158]], Xm05177261)
([[103, 159], [347, 159], [347, 179], [103, 179]], No12 124 JALAN DEDAP 1?)
([[136, 180], [320, 180], [320, 204], [136, 204]], 81100 JOHOR EAHIRU)
([[157, 221], [191, 221], [191, 241], [157, 241]], TEL)
([[200, 218], [298, 218], [298, 242], [200, 242]], 07-1523888)
([[133, 251], [193, 251], [193, 271], [133, 271]], GST ID)
([[203, 251], [323, 251], [323, 271], [203, 271]], 0008+198135014)
([[112, 274], [344, 274], [344, 298], [112, 298]], SIMPLIFIED TAX INVOICE)
([[17, 313], [69, 313], [69, 333], [17, 333]], CASH)
([[17, 341], [81, 341], [81, 361], [17, 361]], Doc |u)
([[140, 338], [248, 338], [248, 362], [140, 362]], (.50003166*)
([[275, 341], [317, 341], [317, 361], [275, 361]], Dale)
([[325, 337], [418, 337], [418, 363], [325, 363]], 26/1202018)
([[19, 371], [81, 371], [81, 387], [19, 387]], ( ash")
([[142, 364], [194, 364], [194, 388], [142, 388]], USER)
([[275, 365], [317, 365], [317, 385], [275, 385]], Tittie)
([[328, 362], [400, 362], [400, 386], [328, 386]], 123100)
([[19, 393], [117, 393], [117, 413], [19, 413]], val sperson)
([[274, 388], [308, 388], [308, 412], [274, 412]], Rel;)
([[19, 441], [57, 441], [57, 455], [19, 455]], 4)
([[166, 436], [200, 436], [200, 460], [166, 460]], Qiy)
([[229, 435], [293, 435], [293, 455], [229, 455]], SiPice)
([[313, 439], [381, 439], [381, 455], [313, 455]], Amoun)
([[397, 437], [429, 437], [429, 455], [397, 455]], Taz)
([[29, 459], [73, 459], [73, 479], [29, 479]], "318)
([[237, 459], [285, 459], [285, 477], [237, 477]], 40 91)
([[333, 459], [379, 459], [379, 479], [333, 479]], 80 91)
([[399, 459], [427, 459], [427, 477], [399, 477]], SR)
([[18, 482], [234, 482], [234, 506], [18, 506]], ELECANT SCTBAG 15)
([[62, 506], [138, 506], [138, 530], [62, 530]], Total Oly")
([[333, 507], [379, 507], [379, 527], [333, 527]], 80 91)
([[66, 542], [278, 542], [278, 566], [66, 566]], Total Sales (Excluding GST;)
([[333, 543], [377, 543], [377, 563], [333, 563]], 60 Ji)
([[207, 573], [277, 573], [277, 589], [207, 589]], Discolini)
([[355, 569], [379, 569], [379, 589], [355, 589]], On)
([[197, 597], [275, 597], [275, 617], [197, 617]], Toldl GST)
([[355, 597], [379, 597], [379, 617], [355, 617]], 0o)
([[199, 623], [278, 623], [278, 648], [199, 648]], Rourding)
([[343, 625], [379, 625], [379, 645], [343, 645]], J01)
([[30, 654], [278, 654], [278, 680], [30, 680]], Tutal Salet (uclusivo 0l GST))
([[333, 657], [379, 657], [379, 677], [333, 677]], 80 90)
([[222, 682], [278, 682], [278, 706], [222, 706]], CASH)
([[325, 685], [381, 685], [381, 705], [325, 705]], 100.00)
([[103, 697], [183, 697], [183, 739], [103, 739]], Xv.Qv)
([[207, 707], [278, 707], [278, 734], [207, 734]], Change)
([[333, 711], [379, 711], [379, 731], [333, 731]], 19,10)
([[48, 756], [190, 756], [190, 780], [48, 780]], GST SUMMARY)
([[52, 790], [136, 790], [136, 814], [52, 814]], Tax Code)
([[226, 790], [306, 790], [306, 814], [226, 814]], AIlt (RM))
([[330, 790], [410, 790], [410, 814], [330, 814]], Tax (RMj)
([[55, 813], [83, 813], [83, 833], [55, 833]], SR)
([[255, 813], [303, 813], [303, 833], [255, 833]], 80 91)
([[383, 813], [407, 813], [407, 833], [383, 833]], OU)
([[145, 843], [193, 843], [193, 863], [145, 863]], Total)
([[255, 843], [303, 843], [303, 863], [255, 863]], 80,91)
([[371, 843], [409, 843], [409, 863], [371, 863]], 0,0q)
([[69, 891], [387, 891], [387, 911], [69, 911]], GUODSSOVARE NOI REFUNDACI E Oniiy)
([[134, 912], [166, 912], [166, 918], [134, 918]], Ci)