([[80, 37], [340, 37], [340, 85], [80, 85]], tan woon yann)
([[111, 171], [137, 171], [137, 191], [111, 191]], Mk)
([[254, 168], [334, 168], [334, 192], [254, 192]], Suw Biid)
([[130, 190], [200, 190], [200, 214], [130, 214]], Co , KHG)
([[224, 190], [280, 190], [280, 214], [224, 214]], 8616)
([[295, 193], [321, 193], [321, 213], [295, 213]], W))
([[58, 210], [128, 210], [128, 236], [58, 236]], UT 185)
([[184, 210], [220, 210], [220, 234], [184, 234]], 185)
([[227, 215], [251, 215], [251, 233], [227, 233]], ~0)
([[266, 212], [364, 212], [364, 236], [266, 236]], AlAm KPB)
([[371, 215], [393, 215], [393, 235], [371, 235]], 6 ,)
([[58, 232], [375, 232], [375, 256], [58, 256]], Kamasan PErInUSIRIAN RalAKuwG)
([[70, 252], [284, 252], [284, 278], [70, 278]], 43300 SLRI   KEMBANGAH)
([[296, 254], [386, 254], [386, 278], [296, 278]], SELANGOR)
([[131, 272], [322, 272], [322, 300], [131, 300]], TESCO  PUTRA  NILAT ))
([[182, 296], [270, 296], [270, 320], [182, 320]], invuice=)
([[18, 338], [220, 338], [220, 364], [18, 364]], N!n 'AUT Fco WASH)
([[244, 338], [404, 338], [404, 364], [244, 364]], SHIMEES|OOo |L)
([[19, 363], [63, 363], [63, 383], [19, 383]], 0At')
([[70, 362], [108, 362], [108, 386], [70, 386]], 720)
([[133, 363], [159, 363], [159, 383], [133, 383]], 12)
([[18, 382], [158, 382], [158, 406], [18, 406]], 9564416500133)
([[298, 382], [344, 382], [344, 406], [298, 406]], 3,|)
([[373, 385], [415, 385], [415, 405], [373, 405]], J,)
([[18, 404], [76, 404], [76, 428], [18, 428]], KTLFT)
([[90, 400], [396, 400], [396, 428], [90, 428]], ECO  AWTO WASH RWAX EW-|06o-I7)
([[18, 424], [66, 424], [66, 448], [18, 448]], W644)
([[113, 427], [137, 427], [137, 447], [113, 447]], 122)
([[18, 446], [158, 446], [158, 470], [18, 470]], 9555416900i26)
([[316, 446], [344, 446], [344, 470], [316, 470]], 02)
([[372, 446], [416, 446], [416, 470], [372, 470]], 4 . 62)
([[19, 469], [117, 469], [117, 489], [19, 489]], Hd4d 2/7m)
([[132, 466], [222, 466], [222, 492], [132, 492]], Muu 257?)
([[18, 488], [66, 488], [66, 512], [18, 512]], WA4")
([[110, 488], [138, 488], [138, 512], [110, 512]], 724)
([[18, 508], [148, 508], [148, 532], [18, 532]], 07956700u084)
([[316, 510], [346, 510], [346, 534], [316, 534]], 23)
([[360, 508], [416, 508], [416, 534], [360, 534]], 11.23)
([[18, 530], [366, 530], [366, 554], [18, 554]], KieFnso AJAIB 99 SERA[ wanyi 9u0g)
([[18, 552], [66, 552], [66, 576], [18, 576]], #nuo)
([[93, 555], [117, 555], [117, 573], [93, 573]], 15)
([[20, 572], [160, 572], [160, 596], [20, 596]], 455365/400385)
([[298, 572], [346, 572], [346, 596], [298, 596]], 7.45)
([[370, 572], [416, 572], [416, 596], [370, 596]], 7,45)
([[17, 591], [262, 591], [262, 620], [17, 620]], HANUKERCMTfF 71386#2PG5)
([[18, 616], [98, 616], [98, 640], [18, 640]], PMZPJI)
([[154, 614], [212, 614], [212, 638], [154, 638]], 6/306)
([[20, 636], [98, 636], [98, 660], [20, 660]], 9090822)
([[318, 636], [346, 636], [346, 660], [318, 660]], 50)
([[382, 636], [418, 636], [418, 660], [382, 660]], ,50)
([[20, 678], [96, 678], [96, 702], [20, 702]], [em ( & ))
([[328, 678], [396, 678], [396, 704], [328, 704]], Oty ($))
([[423, 681], [437, 681], [437, 703], [423, 703]], 5)
([[20, 720], [66, 720], [66, 744], [20, 744]], Tata)
([[350, 720], [408, 720], [408, 744], [350, 744]], RM 30)
([[18, 740], [220, 740], [220, 764], [18, 764]], RLUNLING  AJustmenL)
([[361, 743], [387, 743], [387, 763], [361, 763]], RM)
([[20, 762], [160, 762], [160, 786], [20, 786]], Tutal Roundfd)
([[350, 762], [438, 762], [438, 786], [350, 786]], RM 30, 90)
([[18, 784], [68, 784], [68, 808], [18, 808]], CASt)
([[351, 785], [437, 785], [437, 805], [351, 805]], RM !1,0u)
([[20, 804], [86, 804], [86, 828], [20, 828]], chaNG)
([[215, 785], [281, 785], [281, 825], [215, 825]], 30.9)
([[350, 804], [438, 804], [438, 828], [350, 828]], RM 20 , |0)
([[22, 846], [108, 846], [108, 870], [22, 870]], 18-1118)
([[114, 846], [274, 846], [274, 870], [114, 870]], Ij:sd Shui 2153)
([[298, 846], [438, 846], [438, 870], [298, 870]], 12  R0000u2902)
([[21, 869], [107, 869], [107, 889], [21, 889]], UPERATUR)
([[114, 866], [274, 866], [274, 890], [114, 890]], URAINEE  CASHER)
([[79, 908], [366, 908], [366, 934], [79, 934]], EXCHANGE ARE ALLOwEd WITHIm)
([[142, 930], [326, 930], [326, 954], [142, 954]], @AyS WiTH RECEIPT)
([[100, 950], [354, 950], [354, 976], [100, 976]], STRI TLY Nu CaSh REFUnD ,)