([[149, 45], [211, 45], [211, 81], [149, 81]], tan)
([[297, 49], [365, 49], [365, 89], [297, 89]], yee)
([[131, 89], [309, 89], [309, 109], [131, 109]], AC` HO TRADINc ;)
([[106, 112], [330, 112], [330, 136], [106, 136]], No,284,JALAN HARMONI 3/2 ,)
([[127, 137], [309, 137], [309, 157], [127, 157]], TAMAN DESA HARMONI,)
([[109, 161], [329, 161], [329, 181], [109, 181]], 81100 JOHOR BAHRU JOHOk)
([[169, 183], [269, 183], [269, 203], [169, 203]], 07-355 2616)
([[25, 241], [93, 241], [93, 261], [25, 261]], Cash Bill)
([[120, 240], [206, 240], [206, 264], [120, 264]], 01-143008)
([[27, 265], [67, 265], [67, 285], [27, 285]], Date)
([[120, 264], [302, 264], [302, 288], [120, 288]], 09/01/2019 8.01;11 PM)
([[25, 289], [85, 289], [85, 309], [25, 309]], Cashier)
([[121, 291], [143, 291], [143, 309], [121, 309]], 01)
([[39, 313], [139, 313], [139, 333], [39, 333]], Description)
([[271, 313], [317, 313], [317, 333], [271, 333]], Price)
([[333, 317], [401, 317], [401, 333], [333, 333]], Amount)
([[279, 337], [311, 337], [311, 357], [279, 357]], RM)
([[351, 337], [383, 337], [383, 357], [351, 357]], RM)
([[25, 363], [81, 363], [81, 379], [25, 379]], ['us[c")
([[261, 359], [307, 359], [307, 379], [261, 379]], 15.50)
([[329, 361], [381, 361], [381, 381], [329, 381]], 31.00)
([[221, 397], [253, 397], [253, 411], [221, 411]], otul)
([[367, 395], [413, 395], [413, 415], [367, 415]], 31 00)
([[145, 419], [259, 419], [259, 439], [145, 439]], Total Amount:)
([[348, 414], [414, 414], [414, 444], [348, 444]], 31.00)
([[135, 441], [249, 441], [249, 461], [135, 461]], Cash Received)
([[357, 441], [413, 441], [413, 461], [357, 461]], 701 00)
([[183, 464], [250, 464], [250, 488], [183, 488]], Change)
([[366, 462], [414, 462], [414, 486], [366, 486]], 70.00)
([[87, 501], [192, 501], [192, 526], [87, 526]], ~Goods Sold)
([[196, 502], [356, 502], [356, 526], [196, 526]], are nor-refundable)
([[157, 527], [297, 527], [297, 545], [157, 545]], ##~Thank Youftn)
([[121, 546], [330, 546], [330, 572], [121, 572]], #rPlease Come Again"^*)
([[367, 523], [439, 523], [439, 567], [367, 567]], 31.00)
([[213.89189448205516, 37.1243357210427], [302.77532068405617, 48.518003925637736], [295.10810551794486, 90.8756642789573], [206.2246793159438, 78.48199607436227]], chay)
([[213.2025477771711, 310.1658598874935], [248.83829006003612, 315.2121614028417], [245.7974522228289, 336.8341401125065], [210.16170993996388, 331.7878385971583]], Qly)