([[98, 44], [160, 44], [160, 76], [98, 76]], tan)
([[247, 45], [313, 45], [313, 83], [247, 83]], yee)
([[26, 104], [422, 104], [422, 132], [26, 132]], SOON HUAT MACHINERY ENTERPRISE)
([[162, 128], [286, 128], [286, 148], [162, 148]], (JM0352019-ki)
([[128, 154], [316, 154], [316, 178], [128, 178]], NO.53 JALAN PUTRA 1)
([[143, 176], [304, 176], [304, 203], [143, 203]], TAMAN SRI PUTRA)
([[135, 203], [315, 203], [315, 223], [135, 223]], 81200 JOHOR BAHRU)
([[192, 224], [258, 224], [258, 248], [192, 248]], JOHOR)
([[19, 253], [53, 253], [53, 273], [19, 273]], TEL)
([[60, 248], [274, 248], [274, 274], [60, 274]], 07-56,47360 /016-7993391)
([[290, 248], [433, 248], [433, 272], [290, 272]], FAX : 07-5624059)
([[86, 272], [364, 272], [364, 298], [86, 298]], SOONHUATZOOO@HOTMAIL COM)
([[131, 299], [191, 299], [191, 319], [131, 319]], GST ID)
([[200, 296], [322, 296], [322, 320], [200, 320]], 002116837376)
([[164, 326], [288, 326], [288, 352], [164, 352]], CASH SALES)
([[17, 359], [79, 359], [79, 379], [17, 379]], Doc No)
([[136, 356], [242, 356], [242, 380], [136, 380]], CSO0004040)
([[295, 357], [339, 357], [339, 377], [295, 377]], Date:)
([[346, 354], [438, 354], [438, 378], [346, 378]], 11/01/2019)
([[17, 385], [81, 385], [81, 405], [17, 405]], Cashier)
([[139, 383], [189, 383], [189, 403], [139, 403]], USER)
([[295, 383], [335, 383], [335, 403], [295, 403]], Time)
([[346, 380], [418, 380], [418, 404], [346, 404]], 09 44.00)
([[15, 409], [116, 409], [116, 435], [15, 435]], Salesperson)
([[299, 409], [333, 409], [333, 429], [299, 429]], Ref.)
([[17, 459], [51, 459], [51, 473], [17, 473]], Item)
([[137, 455], [167, 455], [167, 475], [137, 475]], Qty)
([[189, 455], [241, 455], [241, 473], [189, 473]], SPrice)
([[257, 455], [309, 455], [309, 471], [257, 471]], SiPrice)
([[335, 455], [393, 455], [393, 471], [335, 471]], Amount)
([[407, 453], [435, 453], [435, 471], [407, 471]], Tax)
([[17, 477], [53, 477], [53, 495], [17, 495]], 1072)
([[193, 475], [237, 475], [237, 495], [193, 495]], 00.00)
([[261, 475], [301, 475], [301, 493], [261, 493]], 80 00)
([[349, 473], [391, 473], [391, 493], [349, 493]], 80,C0)
([[16, 498], [324, 498], [324, 522], [16, 522]], REPAIR ENGINE POWER SPRAYER (1UNIT))
([[19, 527], [171, 527], [171, 545], [19, 545]], workmanship & service)
([[17, 547], [63, 547], [63, 567], [17, 567]], 70549)
([[189, 545], [241, 545], [241, 565], [189, 565]], 160.00)
([[257, 547], [307, 547], [307, 565], [257, 565]], 160.00)
([[343, 545], [393, 545], [393, 565], [343, 565]], 160.Q0)
([[16, 568], [228, 568], [228, 592], [16, 592]], GIANT 606 OVERFLOW ASSY)
([[17, 599], [53, 599], [53, 617], [17, 617]], 107 1)
([[197, 597], [237, 597], [237, 615], [197, 615]], 1/ JU)
([[263, 597], [303, 597], [303, 615], [263, 615]], 17.00)
([[353, 597], [393, 597], [393, 615], [353, 615]], 17 00)
([[17, 623], [103, 623], [103, 643], [17, 643]], ENGINE OIL)
([[17, 649], [63, 649], [63, 669], [17, 669]], 70791)
([[197, 651], [237, 651], [237, 667], [197, 667]], 10 00)
([[261, 649], [303, 649], [303, 667], [261, 667]], 10 00)
([[351, 647], [393, 647], [393, 667], [351, 667]], 10.00)
([[18, 670], [282, 670], [282, 694], [18, 694]], GREASE FOR TOOLS 40ML (AKODA))
([[19, 701], [63, 701], [63, 721], [19, 721]], 70637)
([[201, 699], [233, 699], [233, 719], [201, 719]], 6,00)
([[19, 725], [185, 725], [185, 745], [19, 745]], EY20 PLUG CHAMPION)
([[19, 753], [55, 753], [55, 771], [19, 771]], 1643)
([[201, 753], [235, 753], [235, 769], [201, 769]], 8 00)
([[267, 753], [299, 753], [299, 769], [267, 769]], 8,0D)
([[361, 751], [393, 751], [393, 769], [361, 769]], 8,00)
([[19, 775], [129, 775], [129, 795], [19, 795]], STARTER TALI)
([[19, 803], [63, 803], [63, 823], [19, 823]], 70197)
([[197, 801], [237, 801], [237, 819], [197, 819]], 10.00)
([[263, 801], [305, 801], [305, 821], [263, 821]], 10 00)
([[353, 801], [393, 801], [393, 819], [353, 819]], 10.00)
([[18, 822], [194, 822], [194, 848], [18, 848]], EY20 STARTER HANDLE)
([[19, 853], [63, 853], [63, 873], [19, 873]], 70561)
([[199, 853], [239, 853], [239, 871], [199, 871]], 18,00)
([[263, 853], [305, 853], [305, 871], [263, 871]], 18,00)
([[353, 853], [395, 853], [395, 871], [353, 871]], 36,00)
([[19, 877], [131, 877], [131, 897], [19, 897]], HD40 IL COTIN)
([[38, 902], [112, 902], [112, 926], [38, 926]], Total Qty)
([[339, 901], [397, 901], [397, 921], [339, 921]], 327 00)
([[204, 938], [294, 938], [294, 962], [204, 962]], Tolal Sales)
([[338, 938], [398, 938], [398, 962], [338, 962]], 327.00)
([[223, 969], [293, 969], [293, 989], [223, 989]], Discount)
([[373, 969], [397, 969], [397, 989], [373, 989]], 0o)
([[85, 981], [191, 981], [191, 1021], [85, 1021]], 327.00)
([[253, 999], [295, 999], [295, 1019], [253, 1019]], Total)
([[361, 999], [397, 999], [397, 1019], [361, 1019]], 0,00)
([[217, 1027], [294, 1027], [294, 1054], [217, 1054]], Rounding)
([[359, 1029], [397, 1029], [397, 1049], [359, 1049]], 0,00)
([[199, 1061], [295, 1061], [295, 1081], [199, 1081]], Total Sales)
([[340, 1058], [398, 1058], [398, 1082], [340, 1082]], 327.00)
([[241, 1089], [293, 1089], [293, 1109], [241, 1109]], CASH)
([[340, 1088], [398, 1088], [398, 1112], [340, 1112]], 327.00)
([[223, 1108], [297, 1108], [297, 1137], [223, 1137]], Change)
([[359, 1111], [397, 1111], [397, 1131], [359, 1131]], 0.00)
([[46, 1136], [412, 1136], [412, 1160], [46, 1160]], GOODS SOLD ARE NOT RETURNABLE THANK YOU.)
([[163.89189448205516, 33.1243357210427], [250.7653646266728, 44.486295942115696], [244.10810551794484, 86.8756642789573], [156.2346353733272, 74.51370405788431]], chay)