([[130, 56], [192, 56], [192, 88], [130, 88]], tan)
([[279, 57], [345, 57], [345, 95], [279, 95]], yee)
([[53, 87], [315, 87], [315, 131], [53, 131]], S,H,H; HOTOR ( SUHGHI REHGIT)
([[327, 89], [413, 89], [413, 131], [327, 131]], SDX, BhD ,)
([[172, 124], [250, 124], [250, 148], [172, 148]], 801580-T)
([[76, 146], [146, 146], [146, 170], [76, 170]], No , 343,)
([[154, 145], [392, 145], [392, 173], [154, 173]], Jalan Kurau, Sunga1 Rengit)
([[128, 167], [268, 167], [268, 195], [128, 195]], 81620 Pengerang)
([[279, 171], [329, 171], [329, 191], [279, 191]], Johor)
([[94, 190], [374, 190], [374, 214], [94, 214]], Tel : 07-8263254 Fax; 07-8266888)
([[200, 232], [268, 232], [268, 256], [200, 256]], INVOICE)
([[14, 298], [108, 298], [108, 324], [14, 324]], ITEMDESC .)
([[252, 298], [444, 298], [444, 324], [252, 324]], QTY U.PRICE RM(TOTAL ))
([[14, 342], [56, 342], [56, 366], [14, 366]], 4132)
([[304, 342], [356, 342], [356, 366], [304, 366]], 20,00)
([[392, 342], [444, 342], [444, 366], [392, 366]], 20,00)
([[22, 364], [188, 364], [188, 388], [22, 388]], CROCS 300x17  TUBES)
([[260, 406], [346, 406], [346, 430], [260, 430]], SUB   TOTAL)
([[393, 409], [443, 409], [443, 429], [393, 429]], 20,00)
([[172, 428], [346, 428], [346, 452], [172, 452]], ROUNDING   ADJUSTMENT)
([[402, 428], [444, 428], [444, 452], [402, 452]], 0.00)
([[244, 450], [344, 450], [344, 474], [244, 474]], GRAND   TOTAL)
([[394, 450], [444, 450], [444, 474], [394, 474]], 20.00)
([[304, 472], [348, 472], [348, 496], [304, 496]], CASH)
([[394, 472], [444, 472], [444, 496], [394, 496]], 20,00)
([[285, 490], [348, 490], [348, 518], [285, 518]], CHANGE)
([[405, 495], [443, 495], [443, 515], [405, 515]], 0.00)
([[14, 536], [218, 536], [218, 560], [14, 560]], 23-01-2019 13;14:15 PM ,)
([[226, 534], [356, 534], [356, 560], [226, 560]], PRINT BY: root)
([[14, 556], [348, 556], [348, 582], [14, 582]], TOKEN NO: 0 , STATION ID: 41, PID: POS)
([[14, 578], [170, 578], [170, 604], [14, 604]], INVOICE NO; 22497)
([[14, 622], [188, 622], [188, 648], [14, 648]], Thanks Your Support)
([[295, 618], [394, 618], [394, 673], [295, 673]], U.u)
([[195.9594617776757, 42.10947035507582], [282.73216436930824, 54.38549686223602], [275.0405382223243, 98.89052964492417], [188.2678356306918, 86.61450313776398]], chay)