([[535, 163], [625, 163], [625, 199], [535, 199]], Aoxo4s)
([[366, 238], [594, 238], [594, 264], [366, 264]], PERNIAGAAN ZHENG KUI)
([[437, 265], [525, 265], [525, 281], [437, 281]], JMo325955-V)
([[393, 281], [565, 281], [565, 301], [393, 301]], NO.69 JALAN PERMAS 9/5)
([[381, 299], [579, 299], [579, 319], [381, 319]], BANDAR BARU PERMAS JAYA)
([[407, 317], [553, 317], [553, 337], [407, 337]], 81760 JOHOR BAHRU)
([[403, 335], [483, 335], [483, 355], [403, 355]], 07-386 7524)
([[495, 335], [527, 335], [527, 355], [495, 355]], FAX)
([[533, 337], [613, 337], [613, 355], [533, 355]], 07-386 3793)
([[411, 357], [569, 357], [569, 377], [411, 377]], GST NO ; 000800589824)
([[397, 385], [581, 385], [581, 405], [397, 405]], SIMPLIFIED TAX INVOICE)
([[308, 404], [564, 404], [564, 430], [308, 430]], GOGIANT ENGINEERING (M} SDN BHD)
([[310, 435], [463, 435], [463, 456], [310, 456]], Rezelpt# Cs00082582)
([[310, 456], [391, 456], [391, 476], [310, 476]], Salespersot:)
([[533, 465], [639, 465], [639, 481], [533, 481]], Data: 12102/2018)
([[309, 477], [363, 477], [363, 493], [309, 493]], Cashier:)
([[369, 477], [409, 477], [409, 495], [369, 495]], USER)
([[567, 485], [623, 485], [623, 501], [567, 501]], 08,3030)
([[541, 513], [573, 513], [573, 529], [541, 529]], (RM))
([[613, 513], [643, 513], [643, 529], [613, 529]], (RM;)
([[309, 527], [339, 527], [339, 541], [309, 541]], Iteri)
([[543, 527], [573, 527], [573, 545], [543, 545]], RSP)
([[307, 543], [343, 543], [343, 561], [307, 561]], 8239)
([[455, 547], [481, 547], [481, 563], [455, 563]], G&)
([[541, 547], [577, 547], [577, 563], [541, 563]], 16,00)
([[609, 547], [645, 547], [645, 563], [609, 563]], 16,0C)
([[309, 563], [619, 563], [619, 583], [309, 583]], SR: 11" PROIESS HIDUTY EILICONE GN G-DZ)
([[307, 585], [409, 585], [409, 603], [307, 603]], 9565075100147)
([[453, 585], [479, 585], [479, 605], [453, 605]], GA)
([[543, 587], [571, 587], [571, 603], [543, 603]], 7.00)
([[609, 587], [645, 587], [645, 605], [609, 605]], 21,0C)
([[306, 602], [608, 602], [608, 626], [306, 626]], SR: XTRASEAL RTV ACETIC SILICONE S4-107)
([[307, 627], [341, 627], [341, 643], [307, 643]], 9744)
([[455, 625], [483, 625], [483, 645], [455, 645]], 61)
([[537, 629], [575, 629], [575, 645], [537, 645]], T8.00)
([[609, 631], [645, 631], [645, 645], [609, 645]], IB.0C)
([[305, 645], [521, 645], [521, 665], [305, 665]], 5R. CENTRAL PUNCH SET 3PCS-)
([[529, 649], [617, 649], [617, 665], [529, 665]], 1/4",5/32".1/4")
([[305, 665], [347, 665], [347, 685], [305, 685]], 12525)
([[453, 671], [475, 671], [475, 687], [453, 687]], S)
([[537, 671], [575, 671], [575, 687], [537, 687]], 50,00)
([[607, 671], [643, 671], [643, 687], [607, 687]], 50.C)
([[306, 684], [536, 684], [536, 708], [306, 708]], SR,24" MARKSMAN PIPE WRENCH)
([[303, 707], [339, 707], [339, 725], [303, 725]], 2016)
([[447, 705], [473, 705], [473, 725], [447, 725]], Gh)
([[539, 711], [569, 711], [569, 727], [539, 727]], 0.70)
([[613, 713], [643, 713], [643, 729], [613, 729]], 2IC)
([[303, 727], [511, 727], [511, 747], [303, 747]], SR: PVC WIRE TAFE IPC X 7YD)
([[339, 747], [371, 747], [371, 765], [339, 765]], TOT)
([[597, 747], [643, 747], [643, 767], [597, 767]], 7T06.1c)
([[352, 786], [545, 786], [545, 810], [352, 810]], (Excluded GST) Sub Total (RM))
([[593, 791], [637, 791], [637, 809], [593, 809]], 106.10)
([[454, 814], [543, 814], [543, 833], [454, 833]], Discount (RM})
([[607, 817], [637, 817], [637, 833], [607, 833]], D,QQ)
([[447, 837], [543, 837], [543, 857], [447, 857]], Total GST (RM))
([[419, 860], [544, 860], [544, 886], [419, 886]], Roundlng (RM})
([[595, 867], [635, 867], [635, 883], [595, 883]], -0.02)
([[454, 886], [544, 886], [544, 910], [454, 910]], Total (RM))
([[579, 889], [635, 889], [635, 909], [579, 909]], 112.46)
([[491, 911], [541, 911], [541, 931], [491, 931]], CASH)
([[579, 913], [635, 913], [635, 933], [579, 933]], 112.48)
([[431, 932], [542, 932], [542, 958], [431, 958]], Change (RM))
([[597, 935], [635, 935], [635, 955], [597, 955]], 0,00)
([[299, 985], [437, 985], [437, 1005], [299, 1005]], GST GUMMARY)
([[309, 1019], [379, 1019], [379, 1037], [309, 1037]], Tax Code)
([[494, 1020], [553, 1020], [553, 1040], [494, 1040]], Amount)
([[601, 1023], [633, 1023], [633, 1039], [601, 1039]], GSt)
([[311, 1039], [335, 1039], [335, 1055], [311, 1055]], SR)
([[509, 1037], [551, 1037], [551, 1057], [509, 1057]], 06.10)
([[601, 1037], [633, 1037], [633, 1057], [601, 1057]], 8,37)
([[399, 1065], [437, 1065], [437, 1081], [399, 1081]], Toial)
([[503, 1065], [551, 1065], [551, 1081], [503, 1081]], 106,10)
([[601, 1067], [631, 1067], [631, 1083], [601, 1083]], 6.37)
([[337, 1101], [591, 1101], [591, 1121], [337, 1121]], GOODS 5OLD ARE NOT RETURNABLE)
([[423, 1123], [505, 1123], [505, 1139], [423, 1139]], THANK YOU.)
([[533.0685071343347, 480.23016355523606], [566.9140488088669, 486.41998520943423], [563.9314928656653, 502.76983644476394], [530.0859511911331, 497.58001479056577]], Tlme")
([[593.1401328392153, 526.1942789623521], [643.9611613513819, 533.6077677297236], [641.8598671607847, 550.8057210376479], [590.0388386486181, 544.3922322702764]], Aioun)