([[217, 109], [337, 109], [337, 171], [217, 171]], 1950)
([[42, 192], [481, 192], [481, 231], [42, 231]], Gerbang Alaf Restaurants Sdn Bhd)
([[191, 227], [319, 227], [319, 263], [191, 263]], (65351-M))
([[137, 259], [373, 259], [373, 297], [137, 297]], formerIy known as)
([[29, 291], [481, 291], [481, 327], [29, 327]], GoIden Arches Restaurants Sdn Biid)
([[107, 321], [411, 321], [411, 364], [107, 364]], Licensee of McuonaId'ˆ)
([[3, 355], [109, 355], [109, 391], [3, 391]], Level 6,)
([[121, 356], [533, 356], [533, 396], [121, 396]], Bangunan TH , Damansara Uptown3)
([[6, 388], [68, 388], [68, 420], [6, 420]], No,3)
([[83, 389], [425, 389], [425, 425], [83, 425]], Jalan SS21/39,47400 Petal -)
([[470, 394], [532, 394], [532, 426], [470, 426]], Jaya)
([[203, 419], [320, 419], [320, 462], [203, 462]], Selangor)
([[97, 453], [439, 453], [439, 489], [97, 489]], (GST  ID No: 000504664064))
([[29, 484], [503, 484], [503, 523], [29, 523]], McDonald's BHP Taman Melawat i ( #328))
([[123, 517], [215, 517], [215, 553], [123, 553]], Te] No _)
([[244, 519], [412, 519], [412, 552], [244, 552]], 03-4162-2318)
([[192, 552], [346, 552], [346, 584], [192, 584]], TaX INV ICE)
([[203, 615], [321, 615], [321, 651], [203, 651]], MFY Side)
([[329, 623], [341, 623], [341, 645], [329, 645]], 1)
([[3, 679], [279, 679], [279, 715], [3, 715]], Inv# 003281900229170)
([[3, 713], [505, 713], [505, 749], [3, 749]], ORD #50 ~REG #19-  18/01/2018 10:27:03)
([[3, 743], [121, 743], [121, 779], [3, 779]], QTY ITEM)
([[456, 748], [530, 748], [530, 780], [456, 780]], TOTAL)
([[31, 777], [227, 777], [227, 813], [31, 813]], 2 ChicMcMuffin)
([[456, 782], [530, 782], [530, 814], [456, 814]], 11.00)
([[55, 811], [199, 811], [199, 849], [55, 849]], M Porridge)
([[468, 814], [530, 814], [530, 846], [468, 846]], 5,60)
([[55, 843], [225, 843], [225, 879], [55, 879]], BM 2HotCakes)
([[455, 845], [531, 845], [531, 881], [455, 881]], 10.00)
([[87, 883], [99, 883], [99, 907], [87, 907]], L)
([[110, 878], [172, 878], [172, 910], [110, 910]], Coke)
([[3, 939], [183, 939], [183, 975], [3, 975]], Takelut Total)
([[201, 940], [329, 940], [329, 978], [201, 978]], inc] GST))
([[454, 944], [530, 944], [530, 976], [454, 976]], 26.60)
([[4, 974], [184, 974], [184, 1006], [4, 1006]], Tota] Rounded)
([[454, 976], [530, 976], [530, 1008], [454, 1008]], 26.60)
([[1, 1005], [185, 1005], [185, 1041], [1, 1041]], Cash Tendered)
([[444, 1010], [530, 1010], [530, 1042], [444, 1042]], 42o.00)
([[0, 1034], [92, 1034], [92, 1077], [0, 1077]], Change)
([[456, 1042], [530, 1042], [530, 1074], [456, 1074]], 73,40)
([[3, 1103], [291, 1103], [291, 1139], [3, 1139]], TOTAL INCLUDES 6% GST)
([[468, 1108], [528, 1108], [528, 1140], [468, 1140]], 1,51)
([[41, 1201], [475, 1201], [475, 1241], [41, 1241]], We 'd ove to hear your feedback .)
([[100, 1268], [142, 1268], [142, 1300], [100, 1300]], sit)
([[148, 1274], [196, 1274], [196, 1298], [148, 1298]], WWW)
([[201, 1267], [409, 1267], [409, 1303], [201, 1303]], mcdfeedback . cOM)
([[414, 1278], [444, 1278], [444, 1302], [414, 1302]], I})
([[240, 1302], [276, 1302], [276, 1334], [240, 1334]], OR)
([[67, 1331], [463, 1331], [463, 1369], [67, 1369]], Download My McD Feedback from)
([[116, 1363], [409, 1363], [409, 1404], [116, 1404]], Google Play /App Store)
([[93, 1431], [423, 1431], [423, 1469], [93, 1469]], to share your experience)
([[27, 1495], [453, 1495], [453, 1535], [27, 1535]], Thank  You and Please Come Again.)
([[0, 1527], [329, 1527], [329, 1565], [0, 1565]], Customer Service Hot] ine)
([[360, 1532], [528, 1532], [528, 1564], [360, 1564]], 03-2726-5600)
([[390.1579833204635, 23.289748293436695], [469.60932767758425, 13.15889360201312], [473.8420166795365, 65.7102517065633], [394.39067232241575, 75.84110639798688]], Jec)
([[436.75735931288074, 70.75735931288071], [540.8710849069577, 20.415820504918592], [562.2426406871193, 69.24264068711929], [457.1289150930424, 119.5841794950814]], pekv)
([[444.5339183338988, 142.62713466711904], [563.5073170805931, 87.64424676305997], [587.4660816661012, 143.37286533288096], [469.4926829194069, 199.35575323694005]], 0598)
([[421.15350102802535, 389.1219034952862], [469.7574350900542, 396.8182421042625], [463.84649897197465, 428.8780965047138], [415.2425649099458, 420.1817578957375]], ing)