([[127, 65], [225, 65], [225, 105], [127, 105]], SAM)
([[247, 67], [345, 67], [345, 107], [247, 107]], SAM)
([[368, 70], [584, 70], [584, 108], [368, 108]], TRADING)
([[609, 71], [677, 71], [677, 109], [609, 109]], co)
([[321, 109], [479, 109], [479, 149], [321, 149]], (742016-W))
([[156, 146], [648, 146], [648, 194], [156, 194]], 67,JLN MEWAH 25/63 TmN SRI MUDA,)
([[273, 185], [523, 185], [523, 227], [273, 227]], 40400 Shah ALAH.)
([[231, 227], [345, 227], [345, 263], [231, 263]], TEL/FAX)
([[381, 227], [553, 227], [553, 267], [381, 267]], 03-51213881)
([[245, 265], [555, 265], [555, 307], [245, 307]], GST   NO:  001006288896)
([[305, 345], [479, 345], [479, 385], [305, 385]], TaX INVOICE)
([[92, 420], [678, 420], [678, 468], [92, 468]], HE EOG UNICORN TWiN SUPER GLUE usg-99 -)
([[91, 459], [297, 459], [297, 499], [91, 499]], 9557368063013)
([[378, 468], [430, 468], [430, 498], [378, 498]], 1 X)
([[467, 467], [539, 467], [539, 503], [467, 503]], 5.20)
([[603, 469], [703, 469], [703, 507], [603, 507]], 5.20 $)
([[90, 498], [676, 498], [676, 548], [90, 548]], SS EZL 44 CYBER MIX COLOR PAPER 100'58)
([[91, 539], [207, 539], [207, 577], [91, 577]], 235~q08)
([[378, 546], [428, 546], [428, 578], [378, 578]], 1 X)
([[465, 547], [537, 547], [537, 583], [465, 583]], 8.90)
([[601, 549], [701, 549], [701, 587], [601, 587]], 8.90 5)
([[91, 621], [143, 621], [143, 657], [91, 657]], No.)
([[389, 623], [580, 623], [580, 664], [389, 664]], 2 No. Items:)
([[649, 633], [669, 633], [669, 663], [649, 663]], 2)
([[91, 697], [309, 697], [309, 741], [91, 741]], TaX Amt (S) 67)
([[541, 707], [673, 707], [673, 747], [541, 747]], RA 13.30)
([[87, 735], [189, 735], [189, 775], [87, 775]], GST 67)
([[551, 745], [671, 745], [671, 787], [551, 787]], RM 0.80)
([[89, 775], [261, 775], [261, 819], [89, 819]], TaX Aht (Z))
([[283, 777], [323, 777], [323, 813], [283, 813]], 07)
([[551, 783], [671, 783], [671, 825], [551, 825]], RH 0.00)
([[85, 813], [187, 813], [187, 853], [85, 853]], GST 07)
([[551, 823], [669, 823], [669, 865], [551, 865]], RH 0.Oo)
([[89, 855], [309, 855], [309, 897], [89, 897]], TaX Aht (E) 67)
([[550, 860], [671, 860], [671, 908], [550, 908]], RH 0.00)
([[85, 893], [245, 893], [245, 933], [85, 933]], EXC GST 6X)
([[549, 903], [669, 903], [669, 945], [549, 945]], RH 0.00)
([[85, 971], [239, 971], [239, 1011], [85, 1011]], TOTAL)
([[443, 975], [513, 975], [513, 1015], [443, 1015]], RM)
([[534, 978], [695, 978], [695, 1031], [534, 1031]], 14-10)
([[83, 1011], [157, 1011], [157, 1051], [83, 1051]], CASH)
([[535, 1023], [670, 1023], [670, 1067], [535, 1067]], RA 20 . Q0)
([[81, 1091], [269, 1091], [269, 1131], [81, 1131]], CHANGE)
([[471, 1097], [541, 1097], [541, 1137], [471, 1137]], RM)
([[562, 1102], [695, 1102], [695, 1151], [562, 1151]], 5-90)
([[216, 1168], [561, 1168], [561, 1218], [216, 1218]], ThANK YOU FOR SHOPPING)
([[156, 1206], [618, 1206], [618, 1263], [156, 1263]], Goods SOLD ARE NOT  RETURNABLE .)
([[79, 1288], [359, 1288], [359, 1331], [79, 1331]], Frid-v, 29-12-2017)
([[377, 1289], [451, 1289], [451, 1332], [377, 1332]], Tine)
([[481, 1293], [572, 1293], [572, 1338], [481, 1338]], 20817)
([[81, 1331], [141, 1331], [141, 1367], [81, 1367]], Cas,)
([[231, 1329], [347, 1329], [347, 1365], [231, 1365]], SAM SAM)
([[79, 1371], [135, 1371], [135, 1407], [79, 1407]], Wc5)
([[153, 1369], [211, 1369], [211, 1407], [153, 1407]], Swh)
([[227, 1367], [265, 1367], [265, 1405], [227, 1405]], 01)
([[284, 1360], [511, 1360], [511, 1416], [284, 1416]], Inv:RO00721136)
([[151.07351789077583, 616.1087751412585], [235.8425822976221, 627.8888918657478], [228.92648210922417, 665.8912248587415], [145.1574177023779, 654.1111081342522]], Qtys:)