([[113, 295], [210, 295], [210, 340], [113, 340]], AIK)
([[226, 302], [361, 302], [361, 353], [226, 353]], HuAT)
([[379, 316], [628, 316], [628, 364], [379, 364]], HARDWeke)
([[111, 325], [422, 325], [422, 388], [111, 388]], ENjERERiee)
([[445, 352], [627, 352], [627, 390], [445, 390]], (SETIA)
([[168, 360], [329, 360], [329, 415], [168, 415]], ALAM})
([[348, 376], [449, 376], [449, 416], [348, 416]], SDN)
([[470, 382], [569, 382], [569, 420], [470, 420]], BHD)
([[300, 398], [437, 398], [437, 446], [300, 446]], '822737-X)
([[157, 421], [579, 421], [579, 481], [157, 481]], No;,447-0,_ JalAn GEV14 Invah)
([[201, 459], [255, 459], [255, 499], [201, 499]], (X))
([[363, 467], [451, 467], [451, 505], [363, 505]], SETIA)
([[140, 478], [326, 478], [326, 530], [140, 530]], SEKSYEN Wi3)
([[341, 495], [503, 495], [503, 537], [341, 537]], '40170 shah")
([[87, 511], [215, 511], [215, 553], [87, 553]], TEL: 012)
([[250, 510], [488, 510], [488, 566], [250, 566]], 6651783 FAX: U3)
([[517, 518], [650, 518], [650, 572], [517, 572]], 33623608)
([[210, 548], [523, 548], [523, 599], [210, 599]], GST No; 0u0394528768)
([[185, 603], [543, 603], [543, 687], [185, 687]], SIHPLIFIED ThK IHVOICE)
([[59, 705], [103, 705], [103, 717], [59, 717]], LCt)
([[51, 723], [127, 723], [127, 763], [51, 763]], Cash)
([[52, 786], [638, 786], [638, 841], [52, 841]], RECEIPTOOA CSP03939Z1 QA(E: 15/06/2017)
([[49, 813], [230, 813], [230, 861], [49, 861]], SALESPERSOH)
([[265, 825], [351, 825], [351, 863], [265, 863]], Ahiooz)
([[385, 829], [607, 829], [607, 869], [385, 869]], TIHE; 15:28;00)
([[51, 877], [123, 877], [123, 917], [51, 917]], ITEH)
([[325, 887], [379, 887], [379, 923], [325, 923]], QTY)
([[444, 892], [496, 892], [496, 924], [444, 924]], WP)
([[533, 893], [635, 893], [635, 929], [533, 929]], Ahount)
([[431, 919], [485, 919], [485, 955], [431, 955]], (RK)
([[47, 934], [260, 934], [260, 982], [47, 982]], 2000160000024)
([[413, 947], [499, 947], [499, 985], [413, 985]], 15 . Ud)
([[544, 918], [640, 918], [640, 992], [544, 992]], 1Sk08)
([[639, 955], [659, 955], [659, 985], [639, 985]], S)
([[51, 971], [321, 971], [321, 1011], [51, 1011]], 20" 1.BKG X 50okm)
([[337, 977], [649, 977], [649, 1017], [337, 1017]], BIG SIRETCK FILM ?22)
([[65, 1032], [271, 1032], [271, 1071], [65, 1071]], JIAL QUANTITY)
([[281, 1127], [513, 1127], [513, 1169], [281, 1169]], SUB- (UTAL  (Usc))
([[581, 1131], [665, 1131], [665, 1167], [581, 1167]], 15.00)
([[369, 1157], [439, 1157], [439, 1193], [369, 1193]], WISC)
([[593, 1161], [665, 1161], [665, 1197], [593, 1197]], 0.WO)
([[371, 1189], [501, 1189], [501, 1225], [371, 1225]], RuUndiMG)
([[593, 1191], [665, 1191], [665, 1227], [593, 1227]], 0.00)
([[87, 1215], [241, 1215], [241, 1253], [87, 1253]], TOTAL)
([[512, 1222], [536, 1222], [536, 1252], [512, 1252]], 1)
([[86, 1243], [215, 1243], [215, 1284], [86, 1284]], CASH)
([[512, 1252], [536, 1252], [536, 1282], [512, 1282]], 1)
([[527, 1211], [671, 1211], [671, 1321], [527, 1321]], 3188)
([[83, 1273], [273, 1273], [273, 1313], [83, 1313]], CHANGE)
([[595, 1281], [663, 1281], [663, 1317], [595, 1317]], UO)
([[147, 1337], [247, 1337], [247, 1373], [147, 1373]], XGST @)
([[255, 1339], [565, 1339], [565, 1375], [255, 1375]], 67  INCLUDEQ IN T0TAL)
([[269, 1397], [445, 1397], [445, 1435], [269, 1435]], GST SUHMARY)
([[53, 1455], [127, 1455], [127, 1495], [53, 1495]], CODE)
([[299, 1457], [397, 1457], [397, 1493], [299, 1493]], AHUuN f)
([[463, 1461], [483, 1461], [483, 1489], [463, 1489]], %)
([[539, 1459], [651, 1459], [651, 1495], [539, 1495]], Tax/AHT)
([[55, 1519], [95, 1519], [95, 1555], [55, 1555]], SR)
([[313, 1517], [399, 1517], [399, 1553], [313, 1553]], 14.15)
([[581, 1519], [653, 1519], [653, 1555], [581, 1555]], 0.85)
([[343, 1605], [499, 1605], [499, 1643], [343, 1643]], Tax TutaL:)
([[581, 1607], [651, 1607], [651, 1645], [581, 1645]], 0.85)
([[125, 1731], [579, 1731], [579, 1769], [125, 1769]], GJODS EOLD ARE Nof REKUNLABLL,)
([[155, 1763], [547, 1763], [547, 1799], [155, 1799]], THWNE YOU ROR CHLUSLC Us.)
([[141, 1793], [621, 1793], [621, 1829], [141, 1829]], FROVIDE ORLGINABILL FOR GJUDS;)
([[48, 1824], [315, 1824], [315, 1864], [48, 1864]], BZCHANGE_QITHIN !)
([[323, 1823], [649, 1823], [649, 1859], [323, 1859]], NBEK RFOH IRANSNACION)
([[67, 1849], [633, 1849], [633, 1891], [67, 1891]], TSODS HuSf BE IN ORIGLNA STEtE /0 BE)
([[183, 1884], [510, 1884], [510, 1916], [183, 1916]], BNTITLED RtR BXCHANG.)
([[263.03792769639495, 451.0934312516142], [366.9010824721276, 470.0103583469742], [356.96207230360505, 511.9065687483858], [253.0989175278724, 492.9896416530258]], U13/x,)
([[472.3128932627759, 438.0295618482005], [593.9364913754995, 511.99396588197897], [557.6871067372241, 569.9704381517995], [436.0635086245005, 496.00603411802103]], A ae)
([[98.78057847830061, 1810.4147520217907], [134.65583738097666, 1806.878303709661], [136.2194215216994, 1826.5852479782093], [100.34416261902334, 1830.121696290339]], 7J)