([[64, 15], [686, 15], [686, 92], [64, 92]], RESTORAN  HASSANBISTRO)
([[163, 81], [285, 81], [285, 117], [163, 117]], NO,2-1-1)
([[294, 82], [372, 82], [372, 114], [294, 114]], JALAN)
([[388, 82], [572, 82], [572, 114], [388, 114]], FTIA PRINA 0)
([[201, 115], [543, 115], [543, 151], [201, 151]], U 13/0 SET' "l AM  40170)
([[306, 154], [374, 154], [374, 184], [306, 184]], SHAt |)
([[408, 154], [446, 154], [446, 184], [408, 184]], AM)
([[306, 188], [430, 188], [430, 220], [306, 220]], SELHHIlJdR)
([[318, 228], [651, 228], [651, 252], [318, 252]], 4*88X1f*I**tKri{k*ttt)
([[289, 255], [469, 255], [469, 293], [289, 293]], Tax INVOICE)
([[73, 295], [305, 295], [305, 319], [73, 319]], KrrrrxtrXIXrxXX)
([[527, 303], [603, 303], [603, 321], [527, 321]], Iitri)
([[73, 325], [201, 325], [201, 363], [73, 363]], TERHINAL)
([[242, 328], [276, 328], [276, 360], [242, 360]], CI)
([[73, 361], [189, 361], [189, 399], [73, 399]], CASHIER)
([[241, 361], [343, 361], [343, 399], [241, 399]], HASSAN)
([[73, 397], [189, 397], [189, 435], [73, 435]], BILL NQ)
([[239, 397], [405, 397], [405, 435], [239, 435]], CI-0170778)
([[73, 433], [143, 433], [143, 469], [73, 469]], DATE)
([[243, 433], [595, 433], [595, 477], [243, 477]], 12/28/2017 |:17:32 PM)
([[73, 465], [159, 465], [159, 505], [73, 505]], TOKEN)
([[241, 467], [293, 467], [293, 503], [241, 503]], Cti)
([[75, 503], [159, 503], [159, 539], [75, 539]], TABLE)
([[242, 504], [292, 504], [292, 536], [242, 536]], CT1)
([[73, 573], [125, 573], [125, 609], [73, 609]], Prc)
([[241, 573], [297, 573], [297, 609], [241, 609]], Oty)
([[313, 574], [426, 574], [426, 613], [313, 613]], U.Piice)
([[459, 579], [511, 579], [511, 615], [459, 615]], GST)
([[573, 581], [656, 581], [656, 625], [573, 625]], Total)
([[75, 645], [183, 645], [183, 681], [75, 681]], MAKANAM)
([[331, 679], [413, 679], [413, 717], [331, 717]], 15. (6)
([[559, 687], [688, 687], [688, 736], [559, 736]], 15.00 ZR)
([[77, 749], [241, 749], [241, 785], [77, 785]], Total Items)
([[79, 785], [213, 785], [213, 821], [79, 821]], Tota| aty)
([[207, 854], [343, 854], [343, 893], [207, 893]], Sub Tqtal)
([[511, 867], [551, 867], [551, 903], [511, 903]], Rr)
([[205, 889], [333, 889], [333, 927], [205, 927]], 0iscount)
([[613, 877], [693, 877], [693, 919], [613, 919]], 15.00 )
([[512, 904], [548, 904], [548, 936], [512, 936]], RM)
([[627, 915], [695, 915], [695, 955], [627, 955]], 0,00)
([[201, 963], [472, 963], [472, 1005], [201, 1005]], Tota| Exc|.6* GST)
([[495, 973], [537, 973], [537, 1011], [495, 1011]], RH)
([[201, 999], [303, 999], [303, 1035], [201, 1035]], GST 6*)
([[495, 1007], [537, 1007], [537, 1047], [495, 1047]], RM)
([[651, 989], [695, 989], [695, 1029], [651, 1029]], Qu)
([[201, 1033], [285, 1033], [285, 1071], [201, 1071]], Total)
([[295, 1035], [473, 1035], [473, 1077], [295, 1077]], Inc| .6* GST)
([[495, 1043], [537, 1043], [537, 1083], [495, 1083]], RM)
([[620, 1020], [696, 1020], [696, 1068], [620, 1068]], 0,00)
([[201, 1069], [335, 1069], [335, 1109], [201, 1109]], Rounding)
([[497, 1081], [539, 1081], [539, 1119], [497, 1119]], RH)
([[609, 1057], [695, 1057], [695, 1101], [609, 1101]], 15,00 )
([[623, 1095], [697, 1095], [697, 1139], [623, 1139]], 0.Q0)
([[201, 1141], [275, 1141], [275, 1177], [201, 1177]], CASH)
([[497, 1151], [541, 1151], [541, 1191], [497, 1191]], RM)
([[199, 1174], [305, 1174], [305, 1214], [199, 1214]], CHANGE)
([[497, 1189], [541, 1189], [541, 1229], [497, 1229]], RH)
([[625, 1205], [699, 1205], [699, 1249], [625, 1249]], 0.00)
([[222, 1248], [546, 1248], [546, 1302], [222, 1302]], Thank You Cone Aqa In)
([[248, 1282], [524, 1282], [524, 1336], [248, 1336]], 2017-12-28 22: |7PM)
([[608.9563638994289, 982.1385464278869], [664.6298676284794, 990.3195057275559], [658.0436361005711, 1026.861453572113], [603.3701323715206, 1018.6804942724441]], 15.6)
([[614.1675694221406, 1161.0875762840606], [701.9118517248138, 1178.1648855868375], [692.8324305778594, 1215.9124237159394], [605.0881482751862, 1198.8351144131625]], 15.Q0)