([[314, 72], [527, 72], [527, 124], [314, 124]], ASIA MART)
([[317, 111], [521, 111], [521, 153], [317, 153]], (SA0264195-T))
([[191, 149], [505, 149], [505, 191], [191, 191]], NO.23 BATU 10, TAMAN)
([[140, 182], [531, 182], [531, 230], [140, 230]], JALAN KAPAR, 42200 KLANG,)
([[264, 258], [364, 258], [364, 288], [264, 288]], GST ID)
([[372, 243], [573, 243], [573, 291], [372, 291]], 001609584640)
([[317, 294], [516, 294], [516, 338], [317, 338]], TAX INVOICE)
([[77, 341], [177, 341], [177, 377], [77, 377]], Do: No)
([[269, 343], [441, 343], [441, 379], [269, 379]], CSO2070163)
([[526, 338], [598, 338], [598, 370], [526, 370]], Date:)
([[76, 382], [178, 382], [178, 414], [76, 414]], Cashier)
([[270, 384], [340, 384], [340, 416], [270, 416]], EIRA)
([[522, 378], [596, 378], [596, 408], [522, 408]], Time:)
([[73, 417], [234, 417], [234, 462], [73, 462]], Salesperson)
([[270, 424], [342, 424], [342, 456], [270, 456]], EIRA)
([[530, 416], [596, 416], [596, 448], [530, 448]], Ref::)
([[460, 474], [536, 474], [536, 506], [460, 506]], (GST))
([[597, 465], [675, 465], [675, 501], [597, 501]], (GST))
([[265, 505], [315, 505], [315, 541], [265, 541]], Qty_)
([[346, 506], [434, 506], [434, 536], [346, 536]], SIPrice )
([[454, 502], [542, 502], [542, 532], [454, 532]], SPrice)
([[579, 493], [674, 493], [674, 526], [579, 526]], Amount)
([[689, 487], [737, 487], [737, 523], [689, 523]], Iax_)
([[70, 530], [245, 530], [245, 567], [70, 567]], 955864132002;)
([[272, 538], [304, 538], [304, 564], [272, 564]], 17)
([[362, 538], [418, 538], [418, 566], [362, 566]], 0.85)
([[470, 536], [524, 536], [524, 562], [470, 562]], 0,90)
([[604, 522], [674, 522], [674, 559], [604, 559]], 75.25)
([[698, 522], [734, 522], [734, 550], [698, 550]], SR)
([[69, 565], [389, 565], [389, 607], [69, 607]], DELICIA CHOCOLATE [S0G))
([[67, 606], [241, 606], [241, 643], [67, 643]], 9556231/10048)
([[360, 614], [414, 614], [414, 642], [360, 642]], 3.55)
([[466, 610], [523, 610], [523, 642], [466, 642]], 3.55)
([[616, 606], [670, 606], [670, 638], [616, 638]], 3.55)
([[684, 604], [730, 604], [730, 634], [684, 634]], Zrl)
([[68, 643], [593, 643], [593, 683], [68, 683]], GARDENIA ORIGINAL CLASSIC JUMBO (60OG])
([[66, 683], [241, 683], [241, 721], [66, 721]], 9556127101331)
([[362, 694], [410, 694], [410, 720], [362, 720]], 1.41)
([[468, 692], [522, 692], [522, 722], [468, 722]], 1.50)
([[616, 688], [668, 688], [668, 716], [616, 716]], 1.50)
([[694, 684], [730, 684], [730, 714], [694, 714]], SR)
([[68, 724], [106, 724], [106, 750], [68, 750]], HU)
([[154, 726], [300, 726], [300, 758], [154, 758]], 1S LIME 50G)
([[64, 761], [239, 761], [239, 800], [64, 800]], 885019932072:)
([[360, 772], [410, 772], [410, 798], [360, 798]], 1.42)
([[464, 772], [514, 772], [514, 798], [464, 798]], 1.51)
([[614, 770], [662, 770], [662, 796], [614, 796]], 1.51)
([[692, 766], [728, 766], [728, 796], [692, 796]], SR)
([[64, 797], [401, 797], [401, 839], [64, 839]], DOREMON CATCAT JOy 15G)
([[62, 838], [237, 838], [237, 876], [62, 876]], 385019932072;)
([[358, 850], [408, 850], [408, 876], [358, 876]], 1.42)
([[464, 850], [512, 850], [512, 878], [464, 878]], 1.51)
([[612, 850], [662, 850], [662, 878], [612, 878]], 1.51)
([[690, 848], [724, 848], [724, 878], [690, 878]], SR)
([[62, 875], [399, 875], [399, 916], [62, 916]], DOREMON CATCAT JOy 15G)
([[60, 915], [237, 915], [237, 955], [60, 955]], 888800218851 ;)
([[354, 928], [408, 928], [408, 956], [354, 956]], 2.30)
([[460, 930], [512, 930], [512, 956], [460, 956]], 2.44)
([[610, 930], [660, 930], [660, 958], [610, 958]], 2.44)
([[686, 930], [722, 930], [722, 960], [686, 960]], SR)
([[61, 955], [489, 955], [489, 999], [61, 999]], "INUTE MAID PULPY (ORENI [J50ML])
([[60, 996], [130, 996], [130, 1022], [60, 1022]], 304)
([[165, 1003], [207, 1003], [207, 1023], [165, 1023]], 6)
([[354, 1004], [406, 1004], [406, 1034], [354, 1034]], 2 J0)
([[460, 1006], [512, 1006], [512, 1036], [460, 1036]], 2.44)
([[608, 1010], [660, 1010], [660, 1040], [608, 1040]], 2.44)
([[684, 1012], [720, 1012], [720, 1042], [684, 1042]], SR)
([[80, 1034], [220, 1034], [220, 1062], [80, 1062]], Kdie # /#)
([[299, 1037], [488, 1037], [488, 1077], [299, 1077]], IPRENI {350ML])
([[460, 1086], [512, 1086], [512, 1116], [460, 1116]], 1.60)
([[624, 1092], [660, 1092], [660, 1122], [624, 1122]], 60)
([[682, 1094], [716, 1094], [716, 1124], [682, 1124]], SR)
([[149, 1117], [205, 1117], [205, 1137], [149, 1137]], Fvo)
([[224, 1116], [382, 1116], [382, 1148], [224, 1148]], uiritik "UOML)
([[55, 1150], [202, 1150], [202, 1182], [55, 1182]], 9360670312 |)
([[348, 1160], [400, 1160], [400, 1190], [348, 1190]], 2.74)
([[454, 1164], [510, 1164], [510, 1194], [454, 1194]], 2.90)
([[604, 1170], [656, 1170], [656, 1198], [604, 1198]], 2.90)
([[56, 1188], [190, 1188], [190, 1220], [56, 1220]], {0C F!JS (1)
([[680, 1174], [714, 1174], [714, 1204], [680, 1204]], SR)
([[86, 1224], [154, 1224], [154, 1256], [86, 1256]], Tolal)
([[252, 1230], [290, 1230], [290, 1260], [252, 1260]], 25)
([[581, 1243], [659, 1243], [659, 1279], [581, 1279]], 32,69)
([[149, 1271], [305, 1271], [305, 1307], [149, 1307]], Total Sales ()
([[415, 1277], [497, 1277], [497, 1320], [415, 1320]], GST))
([[579, 1290], [658, 1290], [658, 1328], [579, 1328]], 31.03)
([[375, 1323], [494, 1323], [494, 1365], [375, 1365]], Discount)
([[595, 1339], [657, 1339], [657, 1375], [595, 1375]], 0.00)
([[361, 1371], [492, 1371], [492, 1409], [361, 1409]], Total GST)
([[597, 1387], [655, 1387], [655, 1423], [597, 1423]], 1.65)
([[364, 1410], [493, 1410], [493, 1461], [364, 1461]], Rounding)
([[591, 1431], [655, 1431], [655, 1467], [591, 1467]], 0.02)
([[88, 1448], [420, 1448], [420, 1496], [88, 1496]], Tutal Sale8 (Incluelve of)
([[573, 1475], [654, 1475], [654, 1516], [573, 1516]], 32.70)
([[397, 1506], [488, 1506], [488, 1548], [397, 1548]], CASH)
([[89, 1611], [303, 1611], [303, 1651], [89, 1651]], GST SUMMARY)
([[115, 1669], [145, 1669], [145, 1687], [115, 1687]], 4)
([[147, 1659], [225, 1659], [225, 1695], [147, 1695]], Cede)
([[385, 1667], [517, 1667], [517, 1711], [385, 1711]], Amt (RM))
([[94, 1692], [140, 1692], [140, 1722], [94, 1722]], SR)
([[565, 1685], [626, 1685], [626, 1728], [565, 1728]], Iot)
([[439, 1707], [517, 1707], [517, 1745], [439, 1745]], '27.48)
([[92, 1728], [152, 1728], [152, 1760], [92, 1760]], ZRL)
([[295, 1737], [313, 1737], [313, 1759], [295, 1759]], 0)
([[627, 1732], [686, 1732], [686, 1771], [627, 1771]], 1.65)
([[450, 1743], [518, 1743], [518, 1784], [450, 1784]], 3.55)
([[624, 1807], [685, 1807], [685, 1850], [624, 1850]], 1.85)
([[77, 1831], [357, 1831], [357, 1871], [77, 1871]], GOODS SOLD ARE NOT)
([[500.97191949374644, 146.55226313936893], [641.7860407527141, 134.70930428884745], [644.0280805062536, 170.44773686063107], [502.21395924728586, 182.29069571115255]], SENTOSA,)
([[526.439262401342, 182.9271148816105], [688.8021224248841, 165.75747633173722], [690.560737598658, 201.0728851183895], [528.1978775751159, 218.24252366826278]], SELANGOR:)
([[602.5611569566013, 329.8295040435816], [740.7258293979185, 312.5445978914381], [743.4388430433987, 349.1704959564184], [605.2741706020815, 365.4554021085619]], 22/1212017)
([[603.2111456180002, 368.4222912360003], [714.7039038952574, 359.48967025630276], [715.7888543819998, 395.5777087639997], [604.2960961047426, 404.51032974369724]], 00.06.00)
([[70.99099080900554, 500.1747742652155], [127.8662079229487, 507.1140811874522], [124.00900919099446, 533.8252257347846], [67.1337920770513, 525.8859188125477]], Item)
([[299.13227816872535, 1268.095251759264], [423.94814739594824, 1284.358024813667], [417.86772183127465, 1320.904748240736], [293.05185260405176, 1305.641975186333]], Excluding)
([[416.9820268028814, 1459.1317018509494], [493.8382759266006, 1469.8741057281973], [488.0179731971186, 1504.8682981490506], [411.1617240733994, 1494.1258942718027]], GST))
([[576.9563638994289, 1520.138546427887], [653.8382759266005, 1529.8741057281973], [648.0436361005711, 1564.861453572113], [571.1617240733995, 1554.1258942718027]], 40.00)
([[375.15028142267585, 1536.0912945443088], [491.95269561343673, 1553.3866506806737], [484.84971857732415, 1589.9087054556912], [368.04730438656327, 1572.6133493193263]], Change)
([[590.9011154884105, 1558.1539042094366], [653.7222638067896, 1565.535502764542], [648.0988845115895, 1600.8460957905634], [585.2777361932104, 1592.464497235458]], 7,30)
([[621.0298574998546, 1691.1194299994186], [688.8003672285436, 1702.7521182234634], [681.9701425001454, 1738.8805700005814], [614.1996327714564, 1727.2478817765366]], (RM))
([[247.17583661630786, 1767.1154281570775], [322.9081323121444, 1777.26327314759], [317.8241633836921, 1807.8845718429225], [242.09186768785563, 1797.73672685241]], Tolal)
([[628.9563638994289, 1766.138546427887], [686.6631528351758, 1774.3933540196597], [680.0436361005711, 1810.861453572113], [622.3368471648242, 1802.6066459803403]], 0.00)
([[434.9563638994289, 1778.138546427887], [515.8657507335461, 1788.972395374627], [510.0436361005711, 1822.861453572113], [429.13424926645393, 1812.027604625373]], 31.03)
([[357.16756942214056, 1836.0875762840606], [521.990922633861, 1857.730673932684], [515.8324305778594, 1890.9124237159394], [351.00907736613897, 1869.269326067316]], RETURNABLE,)
([[524.272393124891, 1856.089572499564], [609.9610218097915, 1871.5179731937549], [603.727606875109, 1901.910427500436], [518.0389781902085, 1886.4820268062451]], THANK `)
([[606.9294245448556, 1870.1459283614802], [665.7399901052711, 1879.581383063518], [659.0705754551444, 1913.8540716385198], [600.2600098947289, 1904.418616936482]], YOU.)