([[143, 41], [568, 41], [568, 90], [143, 90]], HOME MASTeR HARDWARE &)
([[258, 80], [449, 80], [449, 132], [258, 132]], ELECTRICAL)
([[78, 113], [630, 113], [630, 165], [78, 165]], Na.113G & 115G, JALAN SETIA GEMBILANG)
([[165, 157], [545, 157], [545, 200], [165, 200]], UtjeG DANDAR SETIA ALAM,)
([[173, 198], [535, 198], [535, 239], [173, 239]], 40170 BANDAR SETIA ALAM,)
([[270, 235], [431, 235], [431, 274], [270, 274]], SELANIGOR)
([[144, 275], [558, 275], [558, 323], [144, 323]], Compzny Reg Nj. ;540371t551-P)
([[175, 323], [525, 323], [525, 363], [175, 363]], GST Rey No. "0016375+1168)
([[262, 380], [436, 380], [436, 412], [262, 412]], Tfk Icice)
([[59, 425], [205, 425], [205, 461], [59, 461]], Involce Nlo::)
([[248, 430], [370, 430], [370, 462], [248, 462]], CS67332)
([[60, 468], [124, 468], [124, 500], [60, 500]], Date)
([[244, 469], [455, 469], [455, 508], [244, 508]], 22/12/2017 14.03)
([[57, 508], [193, 508], [193, 549], [57, 549]], Czahler#;)
([[246, 515], [368, 515], [368, 547], [246, 547]], CaSHIER)
([[463, 563], [521, 563], [521, 599], [463, 599]], RM)
([[557, 561], [639, 561], [639, 597], [557, 597]], Code)
([[54, 602], [345, 602], [345, 641], [54, 641]], 24mmx7y MQNE TAPE)
([[90, 644], [144, 644], [144, 676], [90, 676]], 1.00)
([[253, 655], [269, 655], [269, 677], [253, 677]], X)
([[302, 648], [372, 648], [372, 680], [302, 680]], 15.90)
([[446, 648], [518, 648], [518, 680], [446, 680]], 15.90)
([[182, 694], [286, 694], [286, 726], [182, 726]], Subtotz)
([[446, 694], [518, 694], [518, 726], [446, 726]], 15.90)
([[83, 739], [297, 739], [297, 777], [83, 777]], Total Excl , 0r GST)
([[444, 746], [516, 746], [516, 776], [444, 776]], t5.00)
([[91, 783], [297, 783], [297, 821], [91, 821]], Totz' Ingi, 0f GST)
([[444, 788], [516, 788], [516, 820], [444, 820]], 15.90)
([[69, 829], [297, 829], [297, 867], [69, 867]], Total Amt Rounded)
([[442, 834], [514, 834], [514, 866], [442, 866]], 15.90)
([[170, 870], [285, 870], [285, 910], [170, 910]], Payment)
([[440, 872], [514, 872], [514, 904], [440, 904]], 50.00)
([[127, 906], [283, 906], [283, 951], [127, 951]], Change Duz)
([[440, 912], [512, 912], [512, 944], [440, 944]], 34.10)
([[57, 955], [212, 955], [212, 998], [57, 998]], Totzl Item (6} -)
([[265, 1009], [425, 1009], [425, 1045], [265, 1045]], Artturii (GM))
([[477, 1007], [593, 1007], [593, 1045], [477, 1045]], Tax (Q})
([[62, 1054], [106, 1054], [106, 1086], [62, 1086]], SR)
([[188, 1058], [232, 1058], [232, 1088], [188, 1088]], 6%)
([[352, 1060], [424, 1060], [424, 1090], [352, 1090]], 15.00)
([[532, 1060], [592, 1060], [592, 1090], [532, 1090]], 0.90)
([[161, 1221], [249, 1221], [249, 1235], [161, 1235]], 446)
([[252, 1220], [410, 1220], [410, 1252], [252, 1252]], THANK YOU)
([[67, 1249], [599, 1249], [599, 1291], [67, 1291]], ANT GoodS RETURN PLEASE DQ WITHIN)
([[91, 1291], [577, 1291], [577, 1331], [91, 1331]], 7 DaYSWitr ORIGINAL RECEIPT TQ)
([[131.07351789077583, 1001.1087751412585], [239.93839090830954, 1016.3006595583375], [232.92648210922417, 1050.8912248587415], [125.06160909169044, 1036.6993404416623]], ummaiy)