([[154, 308], [510, 308], [510, 364], [154, 364]], LIGHTROOM GALLERY)
([[216, 364], [268, 364], [268, 396], [216, 396]], No:)
([[279, 341], [601, 341], [601, 401], [279, 401]], 28, JALAN ASTANA 1G)
([[207, 385], [507, 385], [507, 429], [207, 429]], BANDAR  BUKIT RAJA,)
([[170, 419], [491, 419], [491, 463], [170, 463]], KLANG SELANGOR D. E)
([[240, 460], [356, 460], [356, 492], [240, 492]], ROC No.)
([[390, 442], [579, 442], [579, 496], [390, 496]], (1072825-4)_)
([[229, 491], [347, 491], [347, 527], [229, 527]], GST No.)
([[376, 474], [591, 474], [591, 529], [376, 529]], 000584089600 )
([[130, 507], [607, 507], [607, 562], [130, 562]], Tel:03-3362 4395 Fax:03-3362)
([[290, 580], [527, 580], [527, 630], [290, 630]], CREDIT NOTE)
([[59, 640], [199, 640], [199, 681], [59, 681]], Station:)
([[211, 645], [337, 645], [337, 681], [211, 681]], CASHIER)
([[442, 625], [721, 625], [721, 680], [442, 680]], C/N No: LCN00211)
([[59, 671], [185, 671], [185, 713], [59, 713]], Cashier)
([[211, 676], [317, 676], [317, 712], [211, 712]], ANGELA)
([[444, 678], [538, 678], [538, 710], [444, 710]], Cover)
([[599, 675], [615, 675], [615, 699], [599, 699]], 1)
([[61, 707], [219, 707], [219, 745], [61, 745]], Bill Date)
([[258, 708], [434, 708], [434, 744], [258, 744]], 20/11/2017)
([[61, 739], [433, 739], [433, 782], [61, 782]], Bill Start: 20/11/2017)
([[443, 737], [585, 737], [585, 777], [443, 777]], 03:55:07)
([[595, 735], [639, 735], [639, 771], [595, 771]], PM)
([[61, 805], [135, 805], [135, 841], [61, 841]], Code)
([[257, 807], [417, 807], [417, 845], [257, 845]], 300-E000g)
([[61, 839], [135, 839], [135, 875], [61, 875]], Name)
([[257, 839], [585, 839], [585, 877], [257, 877]], ESWARAN 012-6369400)
([[57, 869], [184, 869], [184, 910], [57, 910]], Address)
([[57, 969], [173, 969], [173, 1007], [57, 1007]], GST No.)
([[685, 1077], [727, 1077], [727, 1113], [685, 1113]], SR)
([[56, 1104], [293, 1104], [293, 1144], [56, 1144]], REFER LCS03158)
([[57, 1141], [75, 1141], [75, 1167], [57, 1167]], 0)
([[186, 1146], [210, 1146], [210, 1170], [186, 1170]], X)
([[383, 1143], [461, 1143], [461, 1179], [383, 1179]], INNTT)
([[55, 1171], [179, 1171], [179, 1207], [55, 1207]], YT51775)
([[685, 1179], [727, 1179], [727, 1215], [685, 1215]], SR)
([[55, 1203], [127, 1203], [127, 1239], [55, 1239]], 1059)
([[137, 1205], [341, 1205], [341, 1243], [137, 1243]], 181 SQ W BK)
([[349, 1209], [577, 1209], [577, 1246], [349, 1246]], SUR LED LIGHT)
([[55, 1235], [442, 1235], [442, 1276], [55, 1276]], 1059   SQUARE   BLACK  FRAME)
([[55, 1271], [75, 1271], [75, 1301], [55, 1301]], 2)
([[118, 1276], [142, 1276], [142, 1300], [118, 1300]], X)
([[152, 1272], [192, 1272], [192, 1304], [152, 1304]], RM)
([[217, 1273], [305, 1273], [305, 1309], [217, 1309]], 18. 77)
([[315, 1273], [373, 1273], [373, 1309], [315, 1309]], UNI)
([[447, 1277], [595, 1277], [595, 1313], [447, 1313]], 2.25) =RM)
([[635, 1279], [727, 1279], [727, 1317], [635, 1317]], 37 . 55)
([[51, 1335], [109, 1335], [109, 1371], [51, 1371]], Sub)
([[119, 1341], [133, 1341], [133, 1365], [119, 1365]], 1)
([[163, 1337], [203, 1337], [203, 1373], [163, 1373]], a])
([[552, 1346], [594, 1346], [594, 1378], [552, 1378]], RM)
([[635, 1347], [725, 1347], [725, 1383], [635, 1383]], 37 . 55)
([[49, 1368], [290, 1368], [290, 1413], [49, 1413]], Service Charge)
([[552, 1380], [592, 1380], [592, 1412], [552, 1412]], RM)
([[649, 1379], [725, 1379], [725, 1417], [649, 1417]], 0. 00)
([[49, 1400], [223, 1400], [223, 1437], [49, 1437]], GST/TAX 6%)
([[550, 1412], [592, 1412], [592, 1444], [550, 1444]], RM)
([[649, 1413], [725, 1413], [725, 1453], [649, 1453]], 2. 25)
([[47, 1451], [157, 1451], [157, 1491], [47, 1491]], TOTAL)
([[389, 1461], [439, 1461], [439, 1497], [389, 1497]], RM)
([[491, 1461], [601, 1461], [601, 1503], [491, 1503]], 39. 80)
([[47, 1487], [137, 1487], [137, 1527], [47, 1527]], CASII)
([[389, 1497], [437, 1497], [437, 1533], [389, 1533]], RM)
([[491, 1499], [601, 1499], [601, 1539], [491, 1539]], 39. 80)
([[45, 1523], [179, 1523], [179, 1565], [45, 1565]], CHANGE )
([[385, 1531], [437, 1531], [437, 1569], [385, 1569]], RM)
([[509, 1537], [599, 1537], [599, 1575], [509, 1575]], 0.00)
([[47, 1612], [231, 1612], [231, 1651], [47, 1651]], Item Count:)
([[243, 1617], [263, 1617], [263, 1645], [243, 1645]], 2)
([[45, 1645], [103, 1645], [103, 1683], [45, 1683]], Qty)
([[150, 1652], [200, 1652], [200, 1680], [150, 1680]], 'mt)
([[241, 1647], [299, 1647], [299, 1683], [241, 1683]], 2, 0)
([[39, 1691], [641, 1691], [641, 1751], [39, 1751]], Clos-- Bill: 20/11/2017 03:55: 56  PM)
([[43, 1761], [209, 1761], [209, 1804], [43, 1804]], Thank You,)
([[223, 1765], [332, 1765], [332, 1804], [223, 1804]], Please)
([[339, 1775], [525, 1775], [525, 1811], [339, 1811]], come again;)
([[41, 1795], [217, 1795], [217, 1833], [41, 1833]], Goods Sold)
([[224, 1806], [278, 1806], [278, 1832], [224, 1832]], are)
([[288, 1806], [344, 1806], [344, 1832], [288, 1832]], Mol)
([[356, 1808], [396, 1808], [396, 1834], [356, 1834]], re)
([[386, 1798], [544, 1798], [544, 1848], [386, 1848]], fundable,)
([[41, 1827], [249, 1827], [249, 1865], [41, 1865]], BANK   ACC MBB)
([[257, 1833], [497, 1833], [497, 1875], [257, 1875]], 5128  4851 2118)
([[536, 1806], [722, 1806], [722, 1861], [536, 1861]], returnable)
([[40, 1860], [496, 1860], [496, 1908], [40, 1908]], BANK ACC MBB 5626 4732 1744)
([[41, 1893], [361, 1893], [361, 1933], [41, 1933]], BANK   ACC AMBANK   888)
([[371, 1899], [429, 1899], [429, 1937], [371, 1937]], 100)
([[439, 1905], [581, 1905], [581, 1945], [439, 1945]], 123 3706)
([[39, 1943], [228, 1943], [228, 1985], [39, 1985]], GST Summary)
([[267, 1946], [440, 1946], [440, 1989], [267, 1989]], Amount (RM))
([[487, 1957], [609, 1957], [609, 1997], [487, 1997]], Tax (RM))
([[37, 2009], [81, 2009], [81, 2045], [37, 2045]], SR)
([[91, 2015], [107, 2015], [107, 2039], [91, 2039]], Q)
([[120, 2012], [160, 2012], [160, 2044], [120, 2044]], 6%)
([[351, 2017], [443, 2017], [443, 2055], [351, 2055]], 37 , 55)
([[37, 2041], [177, 2041], [177, 2079], [37, 2079]], ZR/OS/EZ)
([[535, 2027], [613, 2027], [613, 2065], [535, 2065]], 2. 25)
([[365, 2049], [443, 2049], [443, 2087], [365, 2087]], 0. 00)
([[535, 2059], [613, 2059], [613, 2097], [535, 2097]], 0. 00)
([[596.1430466182295, 298.3576165455737], [671.0901457919307, 290.1241162400487], [672.8569533817705, 332.6423834544263], [598.9098542080693, 340.8758837599513]], BHD)
([[515.4188611699158, 306.25658350974743], [589.150247998913, 301.21155212573035], [589.5811388300842, 345.74341649025257], [516.849752001087, 349.78844787426965]], SDN)
([[521.2802656784306, 379.3885579247043], [615.5522823294108, 370.1611715000697], [617.7197343215694, 407.6114420752957], [523.4477176705892, 417.8388284999303]], 41050)
([[502.97191949374644, 414.5522631393689], [646.7656943711277, 400.6510945536259], [648.0280805062536, 438.4477368606311], [505.2343056288724, 451.3489054463741]], MALAYSIA)
([[611.5144372945836, 506.28609323645895], [692.507902959344, 500.0778613921402], [693.4855627054164, 538.713906763541], [612.492097040656, 543.9221386078598]], 4395)