([[167, 80], [605, 80], [605, 149], [167, 149]], LIGHTROOM  GALLERY SDN)
([[615, 113], [683, 113], [683, 149], [615, 149]], BHD)
([[231, 125], [290, 125], [290, 165], [231, 165]], No:)
([[301, 133], [555, 133], [555, 177], [301, 177]], 28, JALAN ASTANA)
([[565, 145], [615, 145], [615, 183], [565, 183]], 1C,)
([[222, 157], [528, 157], [528, 212], [222, 212]], BANDAR BUkIT RAjA,)
([[541, 177], [631, 177], [631, 213], [541, 213]], 41050)
([[188, 187], [435, 187], [435, 238], [188, 238]], KLANG  SELANGOR)
([[442, 206], [504, 206], [504, 238], [442, 238]], D. E,)
([[521, 205], [662, 205], [662, 248], [521, 248]], MALAYSTA)
([[257, 227], [367, 227], [367, 267], [257, 267]], ROC No.)
([[410, 233], [593, 233], [593, 275], [410, 275]], (1072825-A))
([[247, 259], [359, 259], [359, 299], [247, 299]], GST No.)
([[394, 262], [607, 262], [607, 311], [394, 311]], 000584089600)
([[145, 282], [705, 282], [705, 345], [145, 345]], Tel:03-3362 4395 Fax:03-3362 4395)
([[308, 358], [540, 358], [540, 407], [308, 407]], TAX INVOICE)
([[226, 409], [355, 409], [355, 450], [226, 450]], CASHIER)
([[461, 419], [598, 419], [598, 459], [461, 459]], Bill No:)
([[608, 425], [748, 425], [748, 461], [608, 461]], LCS03908)
([[75, 434], [136, 434], [136, 473], [75, 473]], Cas)
([[178, 450], [212, 450], [212, 474], [178, 474]], ":)
([[228, 441], [335, 441], [335, 481], [228, 481]], ANGELA)
([[458, 450], [551, 450], [551, 489], [458, 489]], Cover)
([[613, 465], [625, 465], [625, 487], [613, 487]], 1)
([[75, 468], [236, 468], [236, 512], [75, 512]], Bill Date)
([[276, 475], [451, 475], [451, 518], [276, 518]], 20/12/2017)
([[74, 502], [650, 502], [650, 558], [74, 558]], Bill Start: 20/12/2017 07:10:35 PM)
([[71, 566], [152, 566], [152, 605], [71, 605]], Code)
([[274, 573], [431, 573], [431, 613], [274, 613]], 300-Coo01)
([[75, 601], [151, 601], [151, 637], [75, 637]], Name)
([[275, 607], [351, 607], [351, 643], [275, 643]], CASH)
([[71, 631], [202, 631], [202, 675], [71, 675]], Address)
([[71, 733], [129, 733], [129, 769], [71, 769]], GST)
([[139, 735], [189, 735], [189, 771], [139, 771]], No.)
([[68, 835], [194, 835], [194, 871], [68, 871]], CH50514)
([[698, 852], [738, 852], [738, 882], [698, 882]], SR)
([[69, 867], [211, 867], [211, 905], [69, 905]], T5   JOiN')
([[219, 871], [379, 871], [379, 907], [219, 907]], 2PIN 2PCS)
([[136, 906], [160, 906], [160, 930], [136, 930]], 7)
([[170, 902], [212, 902], [212, 934], [170, 934]], RM)
([[251, 903], [393, 903], [393, 939], [251, 939]], 2. 83 UNT)
([[467, 907], [609, 907], [609, 943], [467, 943]], 0. 17) =RM)
([[662, 914], [738, 914], [738, 946], [662, 946]], 2.83)
([[69, 931], [193, 931], [193, 969], [69, 969]], YT51874)
([[696, 946], [736, 946], [736, 978], [696, 978]], SR)
([[69, 965], [193, 965], [193, 1001], [69, 1001]], YE3O  BK)
([[203, 967], [559, 967], [559, 1007], [203, 1007]], 7W Ww LED) TRACK LIGH [)
([[66, 1000], [90, 1000], [90, 1032], [66, 1032]], 2)
([[134, 1002], [158, 1002], [158, 1028], [134, 1028]], *)
([[169, 999], [213, 999], [213, 1035], [169, 1035]], RH)
([[233, 1001], [327, 1001], [327, 1037], [233, 1037]], 33, 02)
([[336, 1004], [390, 1004], [390, 1036], [336, 1036]], UN [)
([[467, 1005], [607, 1005], [607, 1041], [467, 1041]], 3. 96) =RM)
([[645, 1007], [735, 1007], [735, 1043], [645, 1043]], 66 , 04)
([[65, 1065], [221, 1065], [221, 1101], [65, 1101]], Suh Total)
([[565, 1071], [605, 1071], [605, 1107], [565, 1107]], RM)
([[645, 1073], [733, 1073], [733, 1109], [645, 1109]], 68 . 87)
([[64, 1096], [310, 1096], [310, 1141], [64, 1141]], Service Charge)
([[564, 1106], [604, 1106], [604, 1136], [564, 1136]], RM)
([[658, 1106], [734, 1106], [734, 1138], [658, 1138]], 0.00)
([[65, 1127], [241, 1127], [241, 1165], [65, 1165]], GST/TAX 6x)
([[564, 1138], [604, 1138], [604, 1168], [564, 1168]], RM)
([[662, 1138], [734, 1138], [734, 1170], [662, 1170]], 4.13)
([[65, 1179], [137, 1179], [137, 1217], [65, 1217]], TO? .)
([[409, 1185], [457, 1185], [457, 1221], [409, 1221]], RM)
([[511, 1187], [613, 1187], [613, 1223], [511, 1223]], 73. 00)
([[63, 1215], [127, 1215], [127, 1253], [63, 1253]], CA_)
([[409, 1221], [457, 1221], [457, 1259], [409, 1259]], RM)
([[509, 1219], [613, 1219], [613, 1259], [509, 1259]], 73. 00)
([[61, 1249], [199, 1249], [199, 1291], [61, 1291]], CHANGE =)
([[409, 1257], [457, 1257], [457, 1295], [409, 1295]], RM)
([[527, 1257], [613, 1257], [613, 1295], [527, 1295]], 0.00)
([[63, 1337], [252, 1337], [252, 1378], [63, 1378]], Item Count:)
([[263, 1343], [283, 1343], [283, 1371], [263, 1371]], 2)
([[59, 1369], [219, 1369], [219, 1410], [59, 1410]], Qty Count)
([[262, 1374], [318, 1374], [318, 1406], [262, 1406]], 3. 0)
([[59, 1435], [597, 1435], [597, 1475], [59, 1475]], Closed Bi ll: 20/12/2017 (7:10:51)
([[606, 1440], [648, 1440], [648, 1472], [606, 1472]], PM)
([[61, 1483], [231, 1483], [231, 1524], [61, 1524]], Thank You;)
([[243, 1485], [353, 1485], [353, 1523], [243, 1523]], Please)
([[359, 1489], [541, 1489], [541, 1529], [359, 1529]], colle again;)
([[59, 1517], [237, 1517], [237, 1553], [59, 1553]], Goods Sold)
([[244, 1526], [300, 1526], [300, 1550], [244, 1550]], are)
([[309, 1520], [731, 1520], [731, 1557], [309, 1557]], not   refundable, returnable)
([[61, 1549], [515, 1549], [515, 1589], [61, 1589]], BANK ACC MBB 5128 4851 2118)
([[59, 1583], [135, 1583], [135, 1619], [59, 1619]], BANK)
([[143, 1582], [433, 1582], [433, 1622], [143, 1622]], Acc MBB  5626 4732)
([[442, 1588], [514, 1588], [514, 1620], [442, 1620]], 1744)
([[58, 1614], [449, 1614], [449, 1655], [58, 1655]], BANK  ACC' AMBANK 888   100)
([[459, 1613], [597, 1613], [597, 1653], [459, 1653]], 123 3706)
([[57, 1664], [249, 1664], [249, 1705], [57, 1705]], GST   Summary)
([[289, 1666], [461, 1666], [461, 1706], [289, 1706]], Amount (RM))
([[505, 1665], [623, 1665], [623, 1703], [505, 1703]], Tax (RM))
([[57, 1731], [101, 1731], [101, 1767], [57, 1767]], SR)
([[141, 1729], [183, 1729], [183, 1765], [141, 1765]], 62)
([[371, 1731], [463, 1731], [463, 1769], [371, 1769]], 68, 87)
([[553, 1731], [629, 1731], [629, 1767], [553, 1767]], 4.13)
([[58, 1759], [201, 1759], [201, 1801], [58, 1801]], ZR/OS/EZ)
([[390, 1766], [462, 1766], [462, 1798], [390, 1798]], 0.00)
([[554, 1764], [626, 1764], [626, 1796], [554, 1796]], 0. 00)
([[78.92942454485562, 400.14592836148023], [153.8298581594385, 409.84579617112814], [148.07057545514436, 443.85407163851977], [73.17014184056151, 434.15420382887186]], Stat)
([[149.15350102802535, 405.1219034952862], [215.93657609962705, 417.38638708366], [209.84649897197465, 444.8780965047138], [143.06342390037295, 432.61361291634]], on:)