([[122, 184], [646, 184], [646, 262], [122, 262]], TEQ HENG STATIDNERY)
([[612, 142], [871, 142], [871, 279], [612, 279]], Y Y Buuks)
([[396, 260], [500, 260], [500, 292], [396, 292]], (001451)
([[194, 294], [548, 294], [548, 324], [194, 324]], No. 53, JALAN BESAR, 45600)
([[490, 250], [662, 250], [662, 328], [490, 328]], 560o MATANG)
([[660, 294], [790, 294], [790, 324], [660, 324]], BERJUNTAI)
([[336, 330], [647, 330], [647, 362], [336, 362]], SELANGOR DARUL EHSAN)
([[654, 318], [732, 318], [732, 372], [654, 372]], 70,)
([[240, 366], [284, 366], [284, 396], [240, 396]], TEL)
([[296, 366], [470, 366], [470, 396], [296, 396]], 03.3271 9872)
([[500, 366], [556, 366], [556, 394], [500, 394]], FAX)
([[568, 366], [716, 366], [716, 396], [568, 396]], 03-3271 944)
([[297, 393], [687, 393], [687, 435], [297, 435]], GST No. : 000689913856)
([[194, 480], [807, 480], [807, 528], [194, 528]], SIMPLIFIED TAX INVOICE)
([[81, 571], [263, 571], [263, 637], [81, 637]], CASH)
([[83, 683], [265, 683], [265, 727], [83, 727]], Receipt No.)
([[301, 681], [561, 681], [561, 725], [301, 725]], CS1801/26874)
([[599, 687], [695, 687], [695, 723], [599, 723]], DJale :)
([[719, 681], [915, 681], [915, 723], [719, 723]], 18/01/2018)
([[125, 781], [243, 781], [243, 823], [125, 823]], ITEM)
([[324, 780], [418, 780], [418, 830], [324, 830]], QTT)
([[449, 783], [525, 783], [525, 823], [449, 823]], UP)
([[559, 783], [697, 783], [697, 827], [559, 827]], DISC%)
([[749, 769], [921, 769], [921, 807], [749, 807]], AMOUNT)
([[787, 805], [877, 805], [877, 845], [787, 845]], (RM))
([[61, 873], [285, 873], [285, 915], [61, 915]], 9557068000035)
([[445, 873], [527, 873], [527, 915], [445, 915]], 3.,50)
([[581, 875], [661, 875], [661, 915], [581, 915]], 5.69)
([[805, 875], [891, 875], [891, 917], [805, 917]], 3.30)
([[105, 929], [749, 929], [749, 973], [105, 973]], JIANYU STELL RULER 30CM THICK)
([[446, 1011], [527, 1011], [527, 1053], [446, 1053]], 1.30)
([[579, 1013], [661, 1013], [661, 1051], [579, 1051]], 0.00)
([[809, 1015], [911, 1015], [911, 1053], [809, 1053]], 1,30 *)
([[107, 1069], [401, 1069], [401, 1111], [107, 1111]], LAMINATE FILM)
([[70, 1186], [165, 1186], [165, 1229], [70, 1229]], Total)
([[395, 1195], [411, 1195], [411, 1219], [395, 1219]], 2)
([[809, 1185], [891, 1185], [891, 1225], [809, 1225]], 4.60)
([[73, 1283], [397, 1283], [397, 1327], [73, 1327]], SUB-TOTAL (EX))
([[809, 1285], [891, 1285], [891, 1323], [809, 1323]], 4.60)
([[73, 1341], [303, 1341], [303, 1385], [73, 1385]], TOTAL TAX)
([[807, 1345], [889, 1345], [889, 1383], [807, 1383]], 0.28)
([[71, 1401], [297, 1401], [297, 1443], [71, 1443]], ROUNDNNG)
([[807, 1401], [889, 1401], [889, 1443], [807, 1443]], 0.02)
([[69, 1457], [253, 1457], [253, 1507], [69, 1507]], TOTAL)
([[778, 1462], [888, 1462], [888, 1518], [778, 1518]], 4.90)
([[67, 1519], [217, 1519], [217, 1571], [67, 1571]], CASH)
([[778, 1522], [888, 1522], [888, 1576], [778, 1576]], 4.90)
([[67, 1590], [297, 1590], [297, 1642], [67, 1642]], CHANGE)
([[778, 1590], [886, 1590], [886, 1644], [778, 1644]], 0.00)
([[340, 1804], [678, 1804], [678, 1856], [340, 1856]], GST SUMMARY)
([[79, 1905], [272, 1905], [272, 1943], [79, 1943]], TAK CODE)
([[532, 1889], [707, 1889], [707, 1929], [532, 1929]], AMOUNT')
([[813, 1893], [897, 1893], [897, 1929], [813, 1929]], TAX)
([[569, 1925], [659, 1925], [659, 1967], [569, 1967]], (RM))
([[799, 1927], [889, 1927], [889, 1969], [799, 1969]], (RM))
([[93, 2009], [153, 2009], [153, 2047], [93, 2047]], SR)
([[351, 2011], [433, 2011], [433, 2049], [351, 2049]], 6.00)
([[589, 2013], [669, 2013], [669, 2051], [589, 2051]], 4.60)
([[799, 2011], [881, 2011], [881, 2053], [799, 2053]], 0.28)
([[65, 2113], [221, 2113], [221, 2151], [65, 2151]], TOTAL :)
([[585, 2115], [667, 2115], [667, 2153], [585, 2153]], 4.60)
([[801, 2115], [883, 2115], [883, 2155], [801, 2155]], 0.28)
([[69, 2207], [890, 2207], [890, 2255], [69, 2255]], Note: (*) Incicated The Item Sold Has Been Related)
([[72, 2248], [593, 2248], [593, 2296], [72, 2296]], To GST (Goods & Services Tax):)
([[163, 2346], [808, 2346], [808, 2396], [163, 2396]], GOODS SOLD ARE NOT RETURNABLE,)
([[381, 2399], [585, 2399], [585, 2439], [381, 2439]], THANK YOU_)
([[167.98022872944, 1181.1050979013119], [243.62083439840725, 1193.090055115325], [235.01977127056, 1238.8949020986881], [159.37916560159275, 1227.909944884675]], Qty.)