([[309, 37], [1047, 37], [1047, 110], [309, 110]], TEQ HENG STATIONERY & BODKS)
([[581, 104], [774, 104], [774, 136], [581, 136]], (001451637-M))
([[378, 137], [980, 137], [980, 169], [378, 169]], No, 53,JALAN BESAR, 45600 BATANG BERJUNTAI)
([[520, 172], [836, 172], [836, 208], [520, 208]], SELANGOR DARUL EHSAN)
([[425, 209], [470, 209], [470, 240], [425, 240]], TEL)
([[483, 209], [657, 209], [657, 240], [483, 240]], 03-327| 9472)
([[685, 209], [744, 209], [744, 237], [685, 237]], FAX)
([[757, 209], [928, 209], [928, 240], [757, 240]], 03-3271 9481)
([[487, 238], [622, 238], [622, 279], [487, 279]], GST No.)
([[635, 238], [877, 238], [877, 279], [635, 279]], 000689913856)
([[385, 320], [996, 320], [996, 374], [385, 374]], SIMPLIFIEI) TAX INVOI E)
([[270, 416], [455, 416], [455, 488], [270, 488]], CASH)
([[270, 524], [456, 524], [456, 574], [270, 574]], Receipt No,)
([[493, 525], [748, 525], [748, 570], [493, 570]], CS1801/26821)
([[789, 528], [869, 528], [869, 567], [789, 567]], Date)
([[909, 523], [1107, 523], [1107, 567], [909, 567]], 17/01/2018)
([[939, 608], [1112, 608], [1112, 649], [939, 649]], AMOUNT)
([[317, 627], [436, 627], [436, 671], [317, 671]], ITEM)
([[516, 626], [612, 626], [612, 678], [516, 678]], QTY)
([[641, 627], [718, 627], [718, 668], [641, 668]], UP)
([[750, 627], [890, 627], [890, 671], [750, 671]], DISC%)
([[978, 646], [1069, 646], [1069, 690], [978, 690]], (RM))
([[254, 717], [477, 717], [477, 762], [254, 762]], 9555017370017)
([[613, 717], [721, 717], [721, 762], [613, 762]], 28.00)
([[769, 717], [852, 717], [852, 756], [769, 756]], 7.14)
([[975, 717], [1080, 717], [1080, 759], [975, 759]], 26.00)
([[297, 773], [972, 773], [972, 822], [297, 822]], LION FILE 220*307 LAIINATING FILM)
([[265, 898], [359, 898], [359, 940], [265, 940]], Total)
([[980, 890], [1085, 890], [1085, 932], [980, 932]], 26.00)
([[268, 991], [592, 991], [592, 1036], [268, 1036]], SUB-TOTAL (EX))
([[980, 986], [1085, 986], [1085, 1027], [980, 1027]], 26,00)
([[268, 1052], [496, 1052], [496, 1093], [268, 1093]], TOTAL TAX)
([[1002, 1046], [1085, 1046], [1085, 1088], [1002, 1088]], 1.56)
([[268, 1109], [493, 1109], [493, 1154], [268, 1154]], ROUNNDING)
([[989, 1106], [1080, 1106], [1080, 1148], [989, 1148]], -0.01)
([[266, 1166], [448, 1166], [448, 1221], [266, 1221]], TOTAL)
([[944, 1166], [1081, 1166], [1081, 1223], [944, 1223]], 27.55)
([[261, 1229], [415, 1229], [415, 1281], [261, 1281]], CASH)
([[261, 1295], [494, 1295], [494, 1349], [261, 1349]], CHANGE)
([[640, 1319], [719, 1319], [719, 1374], [640, 1374]], 1 7)
([[740, 1288], [1087, 1288], [1087, 1389], [740, 1389]], 'Jan 2Q10 0,00)
([[535, 1508], [875, 1508], [875, 1563], [535, 1563]], GST SUMMARY)
([[279, 1613], [471, 1613], [471, 1655], [279, 1655]], TAX CODE)
([[561, 1613], [600, 1613], [600, 1652], [561, 1652]], %)
([[731, 1594], [904, 1594], [904, 1636], [731, 1636]], AMOUNT')
([[1008, 1594], [1091, 1594], [1091, 1636], [1008, 1636]], TAK)
([[767, 1633], [858, 1633], [858, 1674], [767, 1674]], (RM))
([[997, 1633], [1088, 1633], [1088, 1674], [997, 1674]], (RM))
([[292, 1718], [353, 1718], [353, 1759], [292, 1759]], SR)
([[547, 1718], [633, 1718], [633, 1757], [547, 1757]], 6.00)
([[764, 1715], [869, 1715], [869, 1757], [764, 1757]], 26.00)
([[997, 1715], [1077, 1715], [1077, 1754], [997, 1754]], 1.56)
([[265, 1822], [403, 1822], [403, 1863], [265, 1863]], TOTAL)
([[764, 1819], [869, 1819], [869, 1861], [764, 1861]], 26.00)
([[1002, 1819], [1082, 1819], [1082, 1863], [1002, 1863]], 1,56)
([[270, 1913], [1092, 1913], [1092, 1963], [270, 1963]], Note: (*) Indicated The Item Sold Has Been Related)
([[272, 1956], [797, 1956], [797, 2005], [272, 2005]], To GST (Goods & Services Tax):)
([[366, 2057], [1006, 2057], [1006, 2102], [366, 2102]], GOODS SOLD ARE NOT RETURNABLE,)
([[580, 2104], [792, 2104], [792, 2146], [580, 2146]], THANK YOU,)
([[360.9594617776757, 893.1094703550758], [437.6714642466412, 905.2174675900974], [429.0405382223243, 949.8905296449242], [352.3285357533588, 937.7825324099026]], Qty:)
([[511.3130516754158, 1200.683511869205], [897.921917699967, 1090.037391630576], [936.6869483245841, 1288.316488130795], [551.078082300033, 1398.962608369424]], DAI)
([[915.0242857596863, 1185.0477147488002], [1094.8099310517443, 1226.0595740776769], [1071.9757142403137, 1306.9522852511998], [893.1900689482557, 1265.9404259223231]], 527,55)