([[136, 437], [872, 437], [872, 515], [136, 515]], TED HENG STATIONERY & BQOKS)
([[403, 505], [599, 505], [599, 536], [403, 536]], (001451637-M))
([[199, 536], [803, 536], [803, 575], [199, 575]], NO. 53, JALAN BESAR, 45600 BATANG BERJUNTAI)
([[342, 575], [658, 575], [658, 611], [342, 611]], SELANGOR DARUL EHSAN)
([[247, 609], [292, 609], [292, 640], [247, 640]], TEL)
([[304, 609], [478, 609], [478, 640], [304, 640]], 03-3271 9072)
([[507, 611], [563, 611], [563, 643], [507, 643]], FAX)
([[579, 611], [747, 611], [747, 643], [579, 643]], 03-3271 9481)
([[306, 641], [441, 641], [441, 682], [306, 682]], GST No:)
([[457, 641], [699, 641], [699, 685], [457, 685]], 000689913856)
([[204, 727], [815, 727], [815, 779], [204, 779]], SIMPLIFIED) TAK INVOI 'E)
([[90, 817], [270, 817], [270, 884], [90, 884]], CASH)
([[90, 928], [268, 928], [268, 973], [90, 973]], Receipl No)
([[309, 928], [570, 928], [570, 973], [309, 973]], CS1801/26717)
([[605, 931], [688, 931], [688, 970], [605, 970]], Date)
([[728, 931], [923, 931], [923, 975], [728, 975]], 15/01/2018)
([[134, 1030], [252, 1030], [252, 1071], [134, 1071]], ITEM)
([[330, 1029], [428, 1029], [428, 1081], [330, 1081]], QTT)
([[457, 1032], [534, 1032], [534, 1074], [457, 1074]], UP)
([[567, 1032], [707, 1032], [707, 1077], [567, 1077]], DISC"_)
([[764, 1019], [929, 1019], [929, 1060], [764, 1060]], AMOUNT)
([[794, 1057], [885, 1057], [885, 1099], [794, 1099]], (RM))
([[70, 1123], [293, 1123], [293, 1165], [70, 1165]], 9556655864036)
([[432, 1123], [534, 1123], [534, 1167], [432, 1167]], 26.42)
([[586, 1126], [671, 1126], [671, 1167], [586, 1167]], 9.14)
([[791, 1126], [896, 1126], [896, 1170], [791, 1170]], 24.00)
([[117, 1180], [589, 1180], [589, 1225], [117, 1225]], CBE BADGE CLIP 1OOPCS)
([[68, 1260], [293, 1260], [293, 1302], [68, 1302]], 9555535000663)
([[430, 1260], [534, 1260], [534, 1304], [430, 1304]], 28.00)
([[586, 1263], [668, 1263], [668, 1304], [586, 1304]], 0.00)
([[791, 1265], [896, 1265], [896, 1307], [791, 1307]], 28 00)
([[114, 1317], [605, 1317], [605, 1362], [114, 1362]], NISO A4 LAMINATING FILM)
([[79, 1435], [172, 1435], [172, 1477], [79, 1477]], Total)
([[794, 1435], [899, 1435], [899, 1480], [794, 1480]], 52.00)
([[79, 1534], [403, 1534], [403, 1578], [79, 1578]], SUB-TOTAL (EX))
([[791, 1534], [896, 1534], [896, 1578], [791, 1578]], 52.00)
([[79, 1594], [309, 1594], [309, 1636], [79, 1636]], TOTAL TAX)
([[813, 1594], [896, 1594], [896, 1636], [813, 1636]], 3.12)
([[79, 1652], [301, 1652], [301, 1693], [79, 1693]], RoTNDNNG)
([[800, 1652], [896, 1652], [896, 1693], [800, 1693]], -0.02)
([[78, 1708], [258, 1708], [258, 1760], [78, 1760]], TOTAL)
([[755, 1714], [889, 1714], [889, 1768], [755, 1768]], 55.10)
([[72, 1769], [223, 1769], [223, 1821], [72, 1821]], CASH)
([[755, 1771], [889, 1771], [889, 1826], [755, 1826]], 55.10)
([[72, 1840], [302, 1840], [302, 1889], [72, 1889]], CHANGE)
([[785, 1843], [891, 1843], [891, 1897], [785, 1897]], 0.00)
([[498, 1876], [595, 1876], [595, 1951], [498, 1951]], Jav)
([[340, 2048], [707, 2048], [707, 2110], [340, 2110]], GST SUMMARY)
([[81, 2153], [277, 2153], [277, 2195], [81, 2195]], TAK CODE)
([[366, 2156], [405, 2156], [405, 2195], [366, 2195]], "0)
([[536, 2140], [710, 2140], [710, 2181], [536, 2181]], AMOUNT)
([[816, 2142], [896, 2142], [896, 2181], [816, 2181]], TA)
([[572, 2178], [666, 2178], [666, 2220], [572, 2220]], (RM))
([[800, 2175], [896, 2175], [896, 2224], [800, 2224]], (RM))
([[98, 2258], [159, 2258], [159, 2299], [98, 2299]], SR)
([[353, 2260], [436, 2260], [436, 2302], [353, 2302]], 6.00)
([[569, 2260], [674, 2260], [674, 2302], [569, 2302]], 52.00)
([[802, 2263], [885, 2263], [885, 2305], [802, 2305]], 3,12)
([[68, 2362], [205, 2362], [205, 2403], [68, 2403]], TOTAL)
([[569, 2364], [674, 2364], [674, 2409], [569, 2409]], 52.00)
([[802, 2367], [885, 2367], [885, 2406], [802, 2406]], 3,12)
([[72, 2457], [894, 2457], [894, 2506], [72, 2506]], Note: (*) Indicated The Item Sold Has Been Related)
([[75, 2498], [600, 2498], [600, 2548], [75, 2548]], To GST (Goods & Services Tax):)
([[169, 2603], [808, 2603], [808, 2647], [169, 2647]], GOODS SOLD ARE NOT RETURNABLE,)
([[383, 2649], [594, 2649], [594, 2691], [383, 2691]], THANK YOU.)
([[173.01941932430907, 1430.0970966215455], [251.65447323308217, 1443.1735611363854], [242.98058067569093, 1489.9029033784545], [163.34552676691783, 1477.8264388636146]], Qty.)
([[347.12610676575343, 1646.0166079393155], [827.8872301631866, 1773.7252043042674], [768.8738932342466, 1954.9833920606845], [289.1127698368134, 1827.2747956957326]], PA")
([[425.0100505063388, 1819.0703535443718], [508.724999279888, 1846.0572224302546], [489.9899494936612, 1902.9296464556282], [405.275000720112, 1875.9427775697454]], 1 7)
([[613.219428607749, 1897.0381717990401], [721.9989923798688, 1954.8730318669861], [688.780571392251, 2014.9618282009599], [580.0010076201312, 1957.1269681330139]], 2016)