([[949, 243], [1444, 243], [1444, 310], [949, 310]], TED HENG ST ATIQNERV E BQOKS)
([[1130, 294], [1260, 294], [1260, 322], [1130, 322]], (001451637-M})
([[993, 313], [1397, 313], [1397, 352], [993, 352]], No. 53, JALAN BESAR, 46800 BAJANG BERJUNTAI:)
([[1088, 342], [1298, 342], [1298, 370], [1088, 370]], SELANGOR DARUL EHSAN)
([[1025, 363], [1053, 363], [1053, 383], [1025, 383]], Tel)
([[1062, 362], [1178, 362], [1178, 388], [1062, 388]], 03-3271 9072)
([[1197, 369], [1235, 369], [1235, 389], [1197, 389]], FAX)
([[1242, 370], [1358, 370], [1358, 396], [1242, 396]], 03-3271 9481)
([[1062, 386], [1152, 386], [1152, 412], [1062, 412]], GST No.)
([[1162, 388], [1324, 388], [1324, 420], [1162, 420]], 0006899 13856)
([[991, 439], [1402, 439], [1402, 488], [991, 488]], SIMPI ALIED [AA INVOICE)
([[913, 496], [1038, 496], [1038, 547], [913, 547]], CASH)
([[913, 571], [1032, 571], [1032, 603], [913, 603]], Receijt No.)
([[1059, 575], [1235, 575], [1235, 611], [1059, 611]], CS1802/27714)
([[1256, 583], [1311, 583], [1311, 612], [1256, 612]], Date)
([[1336, 582], [1471, 582], [1471, 621], [1336, 621]], 12/02/2018)
([[940, 638], [1021, 638], [1021, 674], [940, 674]], [TEM)
([[1071, 645], [1137, 645], [1137, 681], [1071, 681]], @TY)
([[1156, 648], [1208, 648], [1208, 678], [1156, 678]], UPP)
([[1226, 647], [1324, 647], [1324, 685], [1226, 685]], DISC%)
([[1354, 644], [1470, 644], [1470, 672], [1354, 672]], AMOUNT)
([[1380, 670], [1442, 670], [1442, 700], [1380, 700]], (RM))
([[898, 702], [1046, 702], [1046, 734], [898, 734]], 9555067700208)
([[1084, 708], [1114, 708], [1114, 736], [1084, 736]], 10)
([[1138, 708], [1206, 708], [1206, 738], [1138, 738]], 10.57)
([[1240, 712], [1294, 712], [1294, 740], [1240, 740]], 0.00)
([[1366, 716], [1448, 716], [1448, 748], [1366, 748]], 105.86)
([[925, 738], [1195, 738], [1195, 779], [925, 779]], IK YELLOW TOGRAMS)
([[892, 790], [1045, 790], [1045, 828], [892, 828]], 9557583450025)
([[1133, 798], [1202, 798], [1202, 829], [1133, 829]], 17.45)
([[1236, 804], [1292, 804], [1292, 830], [1236, 830]], 0,00)
([[1374, 808], [1444, 808], [1444, 836], [1374, 836]], 17.45)
([[921, 828], [1330, 828], [1330, 876], [921, 876]], PAPYRUS DARK COLOUR PAPER)
([[890, 883], [1041, 883], [1041, 919], [890, 919]], 4974052801334)
([[1146, 892], [1200, 892], [1200, 922], [1146, 922]], 2.70)
([[1234, 896], [1290, 896], [1290, 926], [1234, 926]], 0.00)
([[1384, 902], [1454, 902], [1454, 930], [1384, 930]], 2.70 *)
([[920, 923], [1067, 923], [1067, 959], [920, 959]], ARTLINE 70)
([[886, 978], [1038, 978], [1038, 1008], [886, 1008]], 9557546953990)
([[1140, 983], [1197, 983], [1197, 1013], [1140, 1013]], 0.85)
([[1230, 988], [1286, 988], [1286, 1016], [1230, 1016]], 0.00)
([[1380, 992], [1438, 992], [1438, 1020], [1380, 1020]], 0.85)
([[914, 1014], [1230, 1014], [1230, 1057], [914, 1057]], FASTER CXSN BALL PEN)
([[884, 1068], [1032, 1068], [1032, 1100], [884, 1100]], 6924238702311)
([[1079, 1079], [1093, 1079], [1093, 1101], [1079, 1101]], 2)
([[1138, 1076], [1194, 1076], [1194, 1104], [1138, 1104]], 0.85)
([[1228, 1080], [1282, 1080], [1282, 1106], [1228, 1106]], 0.00)
([[1380, 1084], [1448, 1084], [1448, 1112], [1380, 1112]], 1.70*)
([[913, 1107], [1167, 1107], [1167, 1148], [913, 1148]], CBE HANDYCUTTER)
([[878, 1158], [1031, 1158], [1031, 1195], [878, 1195]], 9556655112694)
([[1136, 1168], [1190, 1168], [1190, 1196], [1136, 1196]], 8.40)
([[1224, 1172], [1280, 1172], [1280, 1202], [1224, 1202]], Q.0Q)
([[1376, 1178], [1446, 1178], [1446, 1208], [1376, 1208]], 8.40 +)
([[906, 1196], [1454, 1196], [1454, 1250], [906, 1250]], CBE A4 SIZE 20 POCKETS REFILLABLE NEW)
([[909, 1229], [1111, 1229], [1111, 1266], [909, 1266]], CLEAR HOLDER)
([[874, 1260], [1029, 1260], [1029, 1299], [874, 1299]], 9557369305006)
([[1132, 1272], [1188, 1272], [1188, 1300], [1132, 1300]], 3.96)
([[1220, 1276], [1278, 1276], [1278, 1304], [1220, 1304]], 0.00)
([[1372, 1280], [1430, 1280], [1430, 1310], [1372, 1310]], 7.92)
([[903, 1300], [1384, 1300], [1384, 1351], [903, 1351]], EAGLE F4 120 NUMBERING FOOLSCAP)
([[906, 1334], [988, 1334], [988, 1364], [906, 1364]], BOOK)
([[879, 1393], [996, 1393], [996, 1432], [879, 1432]], Total Qty:)
([[1082, 1400], [1108, 1400], [1108, 1426], [1082, 1426]], 18)
([[1344, 1408], [1424, 1408], [1424, 1436], [1344, 1436]], 144.68)
([[1052, 1442], [1098, 1442], [1098, 1450], [1052, 1450]], Jit_)
([[878, 1458], [1087, 1458], [1087, 1497], [878, 1497]], SUB-TOTAL KEX)
([[1342, 1472], [1424, 1472], [1424, 1502], [1342, 1502]], 144.88)
([[876, 1497], [1026, 1497], [1026, 1536], [876, 1536]], TOTAL TAX)
([[1366, 1514], [1422, 1514], [1422, 1544], [1366, 1544]], 8,68)
([[874, 1536], [1027, 1536], [1027, 1572], [874, 1572]], ROUNDING)
([[1098, 1544], [1130, 1544], [1130, 1580], [1098, 1580]], 2)
([[1356, 1552], [1416, 1552], [1416, 1580], [1356, 1580]], -0.01)
([[875, 1577], [989, 1577], [989, 1613], [875, 1613]], TOTAI)
([[870, 1616], [973, 1616], [973, 1657], [870, 1657]], CASH)
([[1276, 1582], [1428, 1582], [1428, 1682], [1276, 1682]], Js335)
([[868, 1662], [1023, 1662], [1023, 1703], [868, 1703]], CHANGE)
([[1341, 1679], [1415, 1679], [1415, 1715], [1341, 1715]], 0.00)
([[1045, 1811], [1271, 1811], [1271, 1856], [1045, 1856]], GST SUMMARY)
([[870, 1874], [1000, 1874], [1000, 1904], [870, 1904]], TAX CODE)
([[1173, 1871], [1288, 1871], [1288, 1904], [1173, 1904]], AMOUNT)
([[1358, 1880], [1412, 1880], [1412, 1906], [1358, 1906]], TAX)
([[1196, 1898], [1258, 1898], [1258, 1928], [1196, 1928]], (RM))
([[1349, 1902], [1410, 1902], [1410, 1932], [1349, 1932]], (RM))
([[878, 1932], [918, 1932], [918, 1958], [878, 1958]], SR)
([[1050, 1936], [1104, 1936], [1104, 1966], [1050, 1966]], 6.00)
([[1179, 1940], [1260, 1940], [1260, 1971], [1179, 1971]], 144.68)
([[1346, 1948], [1404, 1948], [1404, 1978], [1346, 1978]], 8.68)
([[857, 1986], [950, 1986], [950, 2018], [857, 2018]], TOTAL)
([[1178, 1998], [1260, 1998], [1260, 2028], [1178, 2028]], 144.68)
([[1346, 2004], [1404, 2004], [1404, 2034], [1346, 2034]], 8.68)
([[854, 2034], [1406, 2034], [1406, 2086], [854, 2086]], Note  !? Indicated The Item Sold Has Been Related)
([[859, 2065], [1152, 2065], [1152, 2104], [859, 2104]], To GST (Goods & Services)
([[919, 2136], [1347, 2136], [1347, 2181], [919, 2181]], GOODS SOLD ARE NOT RETURNABLE)
([[1061, 2171], [1200, 2171], [1200, 2204], [1061, 2204]], THANK YOU,)
([[1139.127036057031, 1547.0638451878108], [1201.9670327175284, 1582.3718912928916], [1176.872963942969, 1626.9361548121892], [1114.0329672824716, 1591.6281087071084]], FER)
([[1195.3214058935425, 1578.0462630228603], [1274.9997046575502, 1619.9456553841571], [1252.6785941064575, 1660.9537369771397], [1173.0002953424498, 1619.0543446158429]], {2diu)
([[1155.0220279500418, 2073.1638810551212], [1207.8514859755269, 2081.0677834310777], [1202.9779720499582, 2107.8361189448788], [1150.1485140244731, 2099.9322165689223]], Tax)')