([[970, 164], [1240, 164], [1240, 290], [970, 290]], FRAr)
([[912, 374], [946, 374], [946, 404], [912, 404]], MR:)
([[966, 372], [1028, 372], [1028, 400], [966, 400]], DF:)
([[1118, 370], [1220, 370], [1220, 400], [1118, 400]], SDNSBHD)
([[954, 399], [1049, 399], [1049, 431], [954, 431]], CO Rea:)
([[1063, 398], [1194, 398], [1194, 430], [1063, 430]], 860671-D))
([[828, 428], [974, 428], [974, 460], [828, 460]], LOTi.105I-4)
([[985, 433], [999, 433], [999, 455], [985, 455]], &)
([[1009, 423], [1287, 423], [1287, 459], [1009, 459]], 1851-B,,  JALAN KPB; 6,)
([[843, 451], [1264, 451], [1264, 489], [843, 489]], KawaSAn: PERINDUSTRIAN BALAKONG)
([[858, 484], [1002, 484], [1002, 516], [858, 516]], 43300 SERI)
([[1012, 482], [1142, 482], [1142, 514], [1012, 514]], KEMBANGAN)
([[1160, 482], [1276, 482], [1276, 512], [1160, 512]], SELA NGOR)
([[883, 509], [1033, 509], [1033, 545], [883, 545]], (GST ~Id) ^ No)
([[1050, 508], [1224, 508], [1224, 540], [1050, 540]], 000368020352 _)
([[887, 535], [1237, 535], [1237, 573], [887, 573]], (TESCO: Mutiapa=DAMANSARA))
([[984, 566], [1142, 566], [1142, 598], [984, 598]], TAXAINVOICE)
([[790, 624], [1088, 624], [1088, 657], [790, 657]], SQURING PAd+401B-.4448)
([[1316, 622], [1346, 622], [1346, 648], [1316, 648]], #S)
([[790, 656], [852, 656], [852, 682], [790, 682]], WaQ3)
([[888, 654], [978, 654], [978, 684], [888, 684]], 247440)
([[792, 680], [976, 680], [976, 712], [792, 712]], 9555221301001)
([[1162, 678], [1224, 678], [1224, 706], [1162, 706]], VE10)
([[1246, 676], [1320, 676], [1320, 704], [1246, 704]], 118205)
([[792, 707], [994, 707], [994, 739], [792, 739]], SCISSORE G/FISH:)
([[1312, 704], [1348, 704], [1348, 730], [1312, 730]], #8)
([[792, 738], [856, 738], [856, 768], [792, 768]], ADSI;)
([[887, 731], [980, 731], [980, 767], [887, 767]], 24/380)
([[792, 764], [896, 764], [896, 796], [792, 796]], 9064422)
([[1097, 763], [1115, 763], [1115, 787], [1097, 787]], 2)
([[1125, 763], [1145, 763], [1145, 787], [1125, 787]], X)
([[1162, 756], [1225, 756], [1225, 788], [1162, 788]], 150)
([[1258, 758], [1320, 758], [1320, 786], [1258, 786]], 3.00)
([[793, 785], [1299, 785], [1299, 823], [793, 823]], TRAILING SKT   SGN+SP 3X1, 25MMCABLE 2)
([[1314, 786], [1350, 786], [1350, 814], [1314, 814]], #S)
([[794, 820], [856, 820], [856, 850], [794, 850]], WA2t:)
([[890, 820], [924, 820], [924, 850], [890, 850]], 20)
([[794, 846], [980, 846], [980, 878], [794, 878]], 9553114461966)
([[1124, 842], [1226, 842], [1226, 874], [1124, 874]], X22;90)
([[1246, 842], [1322, 842], [1322, 874], [1246, 874]], 22 .90)
([[796, 904], [900, 904], [900, 936], [796, 936]], Item (s))
([[935, 907], [951, 907], [951, 929], [935, 929]], 3)
([[1205, 897], [1295, 897], [1295, 933], [1205, 933]], Qty(s))
([[1327, 897], [1347, 897], [1347, 925], [1327, 925]], 7)
([[796, 958], [942, 958], [942, 990], [796, 990]], Total; Inc])
([[960, 956], [1050, 956], [1050, 988], [960, 988]], GST@6%:)
([[1234, 954], [1352, 954], [1352, 984], [1234, 984]], RM 37.10)
([[794, 988], [860, 988], [860, 1018], [794, 1018]], CASH)
([[1234, 980], [1352, 980], [1352, 1012], [1234, 1012]], RM 50 ,00)
([[796, 1014], [886, 1014], [886, 1046], [796, 1046]], CHANGE)
([[1234, 1008], [1352, 1008], [1352, 1040], [1234, 1040]], RM: 12.90)
([[796, 1072], [954, 1072], [954, 1102], [796, 1102]], GST   Summary:)
([[1046, 1068], [1146, 1068], [1146, 1100], [1046, 1100]], Amt(RN):)
([[1182, 1066], [1286, 1066], [1286, 1098], [1182, 1098]], Tax(RM))
([[796, 1100], [842, 1100], [842, 1130], [796, 1130]], GST)
([[852, 1098], [912, 1098], [912, 1128], [852, 1128]], S@6Y)
([[1100, 1094], [1176, 1094], [1176, 1124], [1100, 1124]], 35,00)
([[1251, 1095], [1269, 1095], [1269, 1121], [1251, 1121]], 2)
([[1280, 1094], [1312, 1094], [1312, 1124], [1280, 1124]], 10)
([[798, 1182], [912, 1182], [912, 1210], [798, 1210]], 14-03-18)
([[921, 1177], [1135, 1177], [1135, 1213], [921, 1213]], 21:49 SHo3 2J2O)
([[1169, 1173], [1355, 1173], [1355, 1209], [1169, 1209]], T1 R000418193)
([[798, 1210], [914, 1210], [914, 1242], [798, 1242]], OPERATOR)
([[924, 1208], [984, 1208], [984, 1240], [924, 1240]], TMDC)
([[1017, 1203], [1231, 1203], [1231, 1239], [1017, 1239]], SAH BIJAY KUMAR)
([[881, 1259], [1261, 1259], [1261, 1297], [881, 1297]], EXCHA NGE^ ARE: ALLOWED: Within)
([[966, 1289], [1205, 1289], [1205, 1322], [966, 1322]], DayS 'WITh RECEIPT)
([[909, 1315], [1245, 1315], [1245, 1352], [909, 1352]], STRIGTLY  NO: GASH;REFUND ;)
([[1100.9973506193548, 263.0843686541932], [1166.7811074577796, 287.3941368172834], [1148.0026493806452, 333.9156313458068], [1083.2188925422204, 310.6058631827166]], MAR)
([[1167.1011677234321, 288.0677069746514], [1244.9326022952318, 319.1032112809533], [1224.8988322765679, 365.9322930253486], [1147.0673977047682, 333.8967887190467]], 2018)