([[471, 159], [513, 159], [513, 211], [471, 211]], 2)
([[194, 190], [510, 190], [510, 242], [194, 242]], 99 SPEED HART S7B)
([[211, 237], [473, 237], [473, 297], [211, 297]], Lot PI. 2811,)
([[316, 291], [578, 291], [578, 344], [316, 344]], TANAN  BERKELEY)
([[265, 341], [365, 341], [365, 385], [265, 385]], 41150)
([[495, 348], [649, 348], [649, 393], [495, 393]], SFLANGOR)
([[365, 391], [538, 391], [538, 441], [365, 441]], 1076-IJOK)
([[226, 436], [416, 436], [416, 486], [226, 486]], GST ID . No)
([[452, 441], [683, 441], [683, 496], [452, 496]], 000181747712)
([[202, 484], [394, 484], [394, 536], [202, 536]], INVOICE No)
([[405, 507], [419, 507], [419, 531], [405, 531]], 0)
([[432, 491], [712, 491], [712, 547], [432, 547]], 18287/102/T0049)
([[99, 585], [235, 585], [235, 629], [99, 629]], 10: 43AN)
([[395, 591], [518, 591], [518, 642], [395, 642]], 568582)
([[660, 602], [819, 602], [819, 653], [660, 653]], 24-01-18)
([[93, 682], [585, 682], [585, 745], [93, 745]], 1973 GARBAGE BAG ( BLUE} 74C)
([[663, 709], [777, 709], [777, 751], [663, 751]], RMi. 25)
([[786, 720], [810, 720], [810, 750], [786, 750]], 5)
([[89, 731], [581, 731], [581, 793], [89, 793]], 1974 GARBACE BAG {GREEN) 74)
([[651, 752], [774, 752], [774, 803], [651, 803]], RKi. 25)
([[84, 830], [631, 830], [631, 895], [84, 895]], Total Sales (Inclusive CST) RH)
([[687, 859], [769, 859], [769, 899], [687, 899]], 2.50)
([[490, 894], [630, 894], [630, 944], [490, 944]], CASK RN)
([[691, 907], [771, 907], [771, 949], [691, 949]], 5.QO)
([[450, 942], [626, 942], [626, 996], [450, 996]], CHANGE RH)
([[685, 959], [765, 959], [765, 1001], [685, 1001]], 2.50)
([[79, 1033], [145, 1033], [145, 1077], [79, 1077]], GST)
([[360, 1044], [548, 1044], [548, 1095], [360, 1095]], Amourt (RH))
([[641, 1055], [778, 1055], [778, 1104], [641, 1104]], Tax{RM})
([[151, 1089], [197, 1089], [197, 1129], [151, 1129]], 67)
([[471, 1101], [551, 1101], [551, 1145], [471, 1145]], 2.36)
([[733, 1111], [781, 1111], [781, 1153], [733, 1153]], 14)
([[158, 1234], [669, 1234], [669, 1308], [158, 1308]], Thank You; Please come again)
([[160, 1286], [776, 1286], [776, 1349], [160, 1349]], the invoice for applicable returns)
([[463.38399512122203, -45.99137417237317], [946.7862678002316, 187.94082767131474], [859.616004878778, 354.9913741723732], [376.21373219976846, 120.05917232868526]], @AIT)
([[498.0410772108974, 150.02706663288458], [797.6289766390566, 219.46770104072326], [757.9589227891025, 360.9729333671154], [458.37102336094335, 291.5322989592767]], {8nxspoho)
([[371.9074644389062, 333.10030797009324], [489.820855000872, 350.544786249782], [480.0925355610938, 398.89969202990676], [362.179144999128, 382.455213750218]], KLANG ,)
([[152.98022872944, 1035.1050979013119], [288.93296838383156, 1052.184020267336], [281.01977127056, 1092.8949020986881], [146.06703161616844, 1075.815979732664]], Summary)
([[74.03792769639495, 1277.0934312516142], [158.79682750785636, 1293.5891683800423], [148.96207230360505, 1337.9065687483858], [64.20317249214365, 1321.4108316199577]], Keep)