([[595, 294], [690, 294], [690, 337], [595, 337]], A03o/8)
([[350, 352], [646, 352], [646, 376], [350, 376]], UNIHAKKA INTERNATIONAL SDN BHD)
([[443, 375], [509, 375], [509, 389], [443, 389]], 05 Mar 201)
([[517, 375], [553, 375], [553, 391], [517, 391]], 18.24)
([[468, 390], [533, 390], [533, 409], [468, 409]], 867388-U))
([[371, 409], [625, 409], [625, 427], [371, 427]], 12, Jalan Tampoi 7i4,Kawasan Perrdustrian)
([[403, 427], [593, 427], [593, 445], [403, 445]], Tampoi,81200 Johor Bahru,Johor)
([[455, 445], [539, 445], [539, 461], [455, 461]], TAX INVOICE)
([[337, 461], [391, 461], [391, 477], [337, 477]], Invoice #)
([[399, 461], [519, 461], [519, 477], [399, 477]], OR18030502160349)
([[337, 487], [365, 487], [365, 501], [337, 501]], Item)
([[439, 489], [463, 489], [463, 503], [439, 503]], Ql)
([[625, 489], [655, 489], [655, 505], [625, 505]], Total)
([[335, 505], [449, 505], [449, 523], [335, 523]], SR 10010000oo60-)
([[457, 508], [493, 508], [493, 526], [457, 526]], Vege)
([[337, 527], [371, 527], [371, 543], [337, 543]], S5.50)
([[619, 527], [655, 527], [655, 545], [619, 545]], 65,60)
([[358, 551], [479, 551], [479, 572], [358, 572]], I00[00000006- Pork)
([[337, 575], [371, 575], [371, 591], [337, 591]], 52.70)
([[619, 577], [655, 577], [655, 593], [619, 593]], $2.70)
([[536, 603], [656, 603], [656, 627], [536, 627]], Total Amount; S8.20)
([[553, 625], [655, 625], [655, 643], [553, 643]], GST @69; S0.46)
([[559, 645], [613, 645], [613, 661], [559, 661]], Nett Total)
([[621, 645], [655, 645], [655, 661], [621, 661]], 58.20)
([[334, 666], [423, 666], [423, 686], [334, 686]], Payment Mode)
([[607, 671], [655, 671], [655, 685], [607, 685]], Amount)
([[335, 689], [373, 689], [373, 703], [335, 703]], CASH)
([[617, 691], [653, 691], [653, 707], [617, 707]], 98,20)
([[332, 705], [383, 705], [383, 724], [332, 724]], Change)
([[617, 709], [653, 709], [653, 725], [617, 725]], S0.00)
([[333, 751], [409, 751], [409, 765], [333, 765]], CST Summary)
([[497, 753], [549, 753], [549, 767], [497, 767]], Anounhs))
([[617, 752], [653, 752], [653, 769], [617, 769]], Taxs))
([[333, 771], [411, 771], [411, 785], [333, 785]], SR-GST@X)
([[629, 773], [653, 773], [653, 787], [629, 787]], 0.46)
([[415, 797], [569, 797], [569, 815], [415, 815]], GST REG #000856195584)
([[387, 814], [595, 814], [595, 834], [387, 834]], BAR WANG RICE@PERMAS JAYA)
([[421, 833], [561, 833], [561, 853], [421, 853]], (Price Inclusive 01 GST))
([[415, 851], [479, 851], [479, 867], [415, 867]], Thank You)
([[488, 852], [567, 852], [567, 871], [488, 871]], Come Again!)
([[395, 871], [521, 871], [521, 885], [395, 885]], Like and Follow Us on)
([[529, 873], [583, 873], [583, 887], [529, 887]], acebpokl)
([[407, 889], [573, 889], [573, 907], [407, 907]], Facebookcom BarWangRice)