([[539, 241], [651, 241], [651, 277], [539, 277]], hi 3032)
([[299, 291], [598, 291], [598, 318], [299, 318]], UNIHAKKA INTERNATIONAL SDN BHD)
([[395, 315], [505, 315], [505, 331], [395, 331]], 03 Mar 2018 18.22)
([[417, 333], [485, 333], [485, 349], [417, 349]], (867388-U))
([[323, 349], [501, 349], [501, 367], [323, 367]], 12, Jaiah Tampoi 7/4,Kawasan)
([[509, 353], [577, 353], [577, 367], [509, 367]], erindustrian)
([[352, 368], [545, 368], [545, 385], [352, 385]], Tampoi 81200 Johor Bahru,Johor)
([[407, 385], [491, 385], [491, 403], [407, 403]], TAX INVOICE)
([[289, 403], [343, 403], [343, 417], [289, 417]], Invoice #)
([[351, 401], [471, 401], [471, 419], [351, 419]], OR18030302170430)
([[391, 429], [415, 429], [415, 445], [391, 445]], Qty)
([[577, 429], [607, 429], [607, 445], [577, 445]], Total)
([[289, 445], [397, 445], [397, 463], [289, 463]], SR !00100000035)
([[411, 449], [443, 449], [443, 465], [411, 465]], Meat)
([[289, 467], [323, 467], [323, 483], [289, 483]], 97.f0)
([[573, 471], [609, 471], [609, 487], [573, 487]], 57.10)
([[289, 494], [461, 494], [461, 514], [289, 514]], SR /00(OodooOt5- Vegetable)
([[287, 515], [323, 515], [323, 531], [287, 531]], S1.f0)
([[569, 517], [607, 517], [607, 535], [569, 535]], S1.10)
([[521, 551], [607, 551], [607, 565], [521, 565]], Amount: SB.20)
([[505, 567], [607, 567], [607, 585], [505, 585]], GST @8%6: SQ,48)
([[511, 585], [537, 585], [537, 601], [511, 601]], Neti)
([[545, 585], [607, 585], [607, 601], [545, 601]], otai: S8,20)
([[287, 609], [375, 609], [375, 625], [287, 625]], Payment Mode)
([[558, 610], [607, 610], [607, 628], [558, 628]], Amount)
([[285, 629], [325, 629], [325, 643], [285, 643]], CASH)
([[569, 631], [605, 631], [605, 647], [569, 647]], 53.20)
([[284, 645], [333, 645], [333, 665], [284, 665]], Change)
([[569, 651], [605, 651], [605, 667], [569, 667]], SO,00)
([[285, 691], [361, 691], [361, 707], [285, 707]], GSTSummary)
([[449, 693], [501, 693], [501, 709], [449, 709]], Arnvisinics})
([[571, 695], [605, 695], [605, 711], [571, 711]], Tixs])
([[309, 713], [361, 713], [361, 727], [309, 727]], GST @t%)
([[579, 715], [601, 715], [601, 727], [579, 727]], 1 4)
([[365, 739], [519, 739], [519, 755], [365, 755]], GST REG #000356195584)
([[336, 752], [546, 752], [546, 776], [336, 776]], BAR WANG RICE@PERMAS JAYA)
([[371, 773], [512, 773], [512, 793], [371, 793]], (Price Inclusive Of GST))
([[365, 793], [431, 793], [431, 809], [365, 809]], Thank You)
([[441, 795], [519, 795], [519, 811], [441, 811]], Come Againl)
([[345, 811], [535, 811], [535, 827], [345, 827]], Like and Follow Us on Facebookl)
([[357, 829], [523, 829], [523, 849], [357, 849]], Facebodkcom BarWangRice)
([[289.47000105999683, 426.1520016959949], [317.9453729816263, 429.6740093166806], [315.52999894000317, 443.8479983040051], [287.0546270183737, 440.3259906833194]], Fem)
([[463.1055728090001, 446.21114561800016], [498.94971701314375, 453.55435039699574], [494.8944271909999, 469.78885438199984], [460.05028298685625, 462.44564960300426]], Vege)
([[491.4452998037748, 548.1679497056622], [519.9550641368112, 551.7036007851275], [517.5547001962252, 564.8320502943378], [489.04493586318875, 561.2963992148725]], Tolal)