([[336, 332], [630, 332], [630, 358], [336, 358]], UNIHAKKA INTERNATIONAL SDN BHD)
([[429, 353], [539, 353], [539, 371], [429, 371]], 10 Mar 2018 18.24)
([[448, 369], [519, 369], [519, 390], [448, 390]], (867388-U))
([[357, 389], [609, 389], [609, 409], [357, 409]], 12, Jalan Tampoi 7/4,Kawasan Perindustrian)
([[389, 407], [579, 407], [579, 425], [389, 425]], Tampoi,81200 Johor Bahru,Johor)
([[439, 423], [523, 423], [523, 443], [439, 443]], TAX INVOICE)
([[322, 440], [367, 440], [367, 457], [322, 457]], Invoice)
([[383, 441], [503, 441], [503, 457], [383, 457]], OR18031002160274)
([[321, 467], [351, 467], [351, 481], [321, 481]], tem)
([[425, 469], [447, 469], [447, 483], [425, 483]], at)
([[611, 469], [639, 469], [639, 485], [611, 485]], Totab)
([[323, 485], [431, 485], [431, 503], [323, 503]], SR 1Q0100000035)
([[445, 487], [477, 487], [477, 505], [445, 505]], Meat)
([[319, 505], [357, 505], [357, 523], [319, 523]], St.10)
([[605, 511], [641, 511], [641, 527], [605, 527]], S7.10)
([[321, 533], [493, 533], [493, 553], [321, 553]], SR I0010OO00015- Vegetable)
([[319, 552], [355, 552], [355, 572], [319, 572]], $1.10)
([[605, 559], [639, 559], [639, 573], [605, 573]], 51.10)
([[553, 589], [639, 589], [639, 605], [553, 605]], Amount: $8,20)
([[537, 607], [641, 607], [641, 625], [537, 625]], GST @8%: $0.48)
([[543, 625], [571, 625], [571, 641], [543, 641]], Nett ")
([[577, 623], [639, 623], [639, 641], [577, 641]], otal; #8,20)
([[319, 647], [407, 647], [407, 663], [319, 663]], Payrent Mode)
([[591, 651], [639, 651], [639, 667], [591, 667]], Amount)
([[319, 667], [357, 667], [357, 683], [319, 683]], CASH)
([[601, 669], [637, 669], [637, 687], [601, 687]], 58,20)
([[318, 684], [367, 684], [367, 704], [318, 704]], Change)
([[601, 689], [637, 689], [637, 705], [601, 705]], 50,00)
([[317, 731], [393, 731], [393, 745], [317, 745]], [ST Summar)
([[481, 733], [531, 733], [531, 747], [481, 747]], Amountfs))
([[603, 735], [637, 735], [637, 749], [603, 749]], Taxt})
([[317, 751], [395, 751], [395, 765], [317, 765]], SR = GSTeX)
([[613, 755], [637, 755], [637, 767], [613, 767]], 0.43)
([[397, 775], [553, 775], [553, 795], [397, 795]], @ST REG #00u656195584)
([[368, 792], [578, 792], [578, 816], [368, 816]], BAR WANGRICE@PERMAS JAYA)
([[403, 815], [543, 815], [543, 833], [403, 833]], (Price Inclusive Ol GST))
([[397, 831], [463, 831], [463, 847], [397, 847]], Thank You)
([[473, 833], [551, 833], [551, 851], [473, 851]], Come Againl)
([[379, 849], [567, 849], [567, 867], [379, 867]], Like and Follaw Us on Facebogkl)
([[389, 869], [449, 869], [449, 883], [389, 883]], Facebpok;)
([[447, 865], [558, 865], [558, 889], [447, 889]], com BarWVangRice)
([[566.00019994002, 274.100979706098], [666.8932674830098, 291.97241382856794], [657.99980005998, 332.899020293902], [557.1067325169902, 315.02758617143206]], Ao3o3o)
([[497.02871413764274, 487.2516854477569], [531.9187310031425, 492.4356673520169], [529.9712858623573, 508.7483145522431], [494.08126899685743, 503.5643326479831]], Vege)
([[522.9859597468732, 585.2761315696845], [552.8699950526355, 589.290691531759], [550.0140402531268, 605.7238684303155], [520.1300049473645, 601.709308468241]], Total)